48.48115017355122 28.89262516470551
72.68673645856573 -10.831026963305249
24.275563888536716 -11.316343198718508
242.4090831345905 -12.716070160142502
5.4149336058849915 -14.19986480880953
96.96230034710244 -19.018943477417356
145.44678278748808 -20.229437280179955
91.54736674121746 -24.541372404987346
12.17277074602946 -26.238480676408823
84.78952960107299 -26.263237092113275
193.9279329610393 -27.610858325587696
37.65128296178124 -28.252887062153658
19.7703391284404 -29.481355295927248
5.621534149617219 -30.356823511461346
71.53043986703214 -31.156753753364104
339.371383481693 -31.8292132897285
95.09289865300923 -32.20937659998856
311.51363274618615 -32.83638665686153
134.61358330888368 -33.05530844867713
234.0450933802697 -33.53453313798436
23.29587743922583 -35.04171027165281
168.49274021413459 -35.06449269683234
25.988349041413567 -35.5152557446906
70.97395130568889 -35.617440724080744
218.203496849576 -35.73992282605254
387.8558659220786 -36.74066101641254
18.5807198685629 -37.04120571027963
195.55741144305637 -37.46441628727357
238.6236280107226 -37.5660195765895
8.377318821658381 -37.64922503519853
266.61466941960504 -37.66610525216344
0.20660054373222736 -37.70152406329033
80.71416726261309 -38.32423065442796
331.0073937273721 -38.39658869038656
152.49119487539014 -38.695669084985404
199.34286656692427 -39.027494550518774
102.25394008011499 -39.229170366055655
149.1855861756745 -39.24794249290633
281.68984457838883 -39.5727975277314
18.957266020849055 -39.58371754381323
91.34076619748522 -39.791074492639574
335.585928357825 -39.89799623218048
384.107065733389 -40.08192684297068
52.22328582857205 -40.09476771939763
292.5197117901588 -40.13624147227951
77.19196121866204 -40.377368168060656
378.65214492549126 -40.60032856995197
54.10601659000283 -40.64580443094189
120.25817778632828 -41.16903112620714
102.58716676355405 -41.317420608777525
139.82191637103645 -41.36020680967973
42.859616023934 -41.62298526296244
115.61633008602195 -41.68155509324049
343.11351913671376 -41.742384243615874
11.039800022336602 -41.75856985624136
34.12574465099581 -41.81322716766091
22.046277376329293 -41.931841220751544
290.8902333081417 -41.93887253171159
59.0610973727419 -41.94148465013045
177.67979987654994 -42.09242738745187
249.45682748932697 -42.503532184140745
1.6294784820170836 -42.65197795130725
29.827120434631727 -42.65221985252824
67.06520230894851 -42.705369732690855
50.36388093498201 -42.91696283602323
1.8694016940932185 -43.01782031779127
14.74528074217913 -43.10810347667359
25.268579405185164 -43.16522565646568
109.4249783077239 -43.20994053245003
385.98313196115095 -43.30103750685999
191.51537177294037 -43.3045736177689
78.31160287501734 -43.38640267406413
0.9930155166484477 -43.52529124659188
195.79733465513252 -43.556839477259295
324.75606114605506 -43.61204628178623
21.14656533104379 -43.621979819101455
4.631850899803162 -44.06285475749801
13.029163322467888 -44.11012712082538
9.120414325727522 -44.11547813338306
9.716890089083467 -44.31751830807423
180.27230347370593 -44.47793666680882
147.32951354891884 -44.75252997521033
7.750852656792917 -44.763578545745666
37.2347496074824 -44.81754358214914
0.5531562945088668 -44.855046940956136
20.663386640057126 -44.885787626124305
288.4810043868772 -45.102481001416656
62.836555696106636 -45.162047242594845
31.613215457865177 -45.282081266711884
52.00668848433665 -45.37391075705287
2.0926635719973996 -45.592842565295065
10.180075179063783 -45.82003816954697
1.3062485990811794 -45.82076556944214
19.517086849026704 -45.95128859757207
7.477606776372874 -45.969627992869256
151.0683169371053 -46.14726493779175
137.959179210612 -46.22482345781574
6.551236596412242 -46.22801730383686
20.36681489179635 -46.357426820234004
3.2789505650405117 -46.52484485934675
24.618787372478963 -46.743883873470644
382.23766403929574 -46.80342953168141
3.4822188419383484 -46.83502109709517
206.39061092166074 -46.93719188053738
75.81906728289304 -47.004515544934655
11.319710436425424 -47.077774616862314
244.2918138960213 -47.195808708866686
3.8454359268869416 -47.33589209177487
192.05853126694606 -47.351069838880655
13.372386806410136 -47.441743180186855
188.63629322802674 -47.489719558959614
22.979312089958707 -47.69379982230212
389.7252676161718 -47.69391008055635
11.51964644648887 -47.71962480481293
88.58498152544406 -47.72037558713644
10.51663412933725 -47.76224571387568
2.9690497494421706 -47.82283254841076
4.435247156574107 -47.829327890856426
74.91602297077316 -47.851545431764485
4.895099979720032 -47.875789777509624
6.967769950711087 -47.95694516708479
98.62176923062904 -47.95893166040625
8.63390336790647 -48.22927541121184
14.425383126077618 -48.24171717990813
19.253837769109833 -48.29844020972917
17.654349688602267 -48.47608037050324
2.592503597156014 -48.503066903304635
36.37835703104397 -48.58271906829682
148.9689888314391 -48.63998888860383
25.715103160993525 -48.66360739011825
206.10070370706876 -48.79346219119083
126.79275304856857 -48.865077599836354
164.02750265605096 -48.91314065648199
283.05940624732347 -49.052645058812516
49.47416569019967 -49.066251028617614
209.91281696561177 -49.18092845861462
82.22035187175771 -49.22651954887541
367.8189454468869 -49.27957343076707
251.95935988195444 -49.28314548773434
138.13578935283473 -49.28498287500315
26.21161091931775 -49.28878669579268
4.072030071625513 -49.32786335874874
72.34351297462348 -49.331357040189324
21.81301869792194 -49.34169819769221
121.16788663211696 -49.40908686291112
60.58394331605848 -49.48687895349729
333.74984933207577 -49.55836892056866
18.05755397556355 -49.60519456727942
5.918105897877997 -49.71284281913276
6.15136457628535 -49.71968888897023
11.699588855545972 -49.741517235052704
126.50284583397656 -49.802894775212444
348.9216602290569 -49.931563610887196
255.5182208610838 -50.04511853755807
16.114842411113734 -50.173918417297756
12.77924330988858 -50.22193155738025
341.25411424312375 -50.258435362941235
47.491466923737164 -50.2621492530533
25.005330325268293 -50.43543402488623
65.35241715607167 -50.500929358167184
380.0217065944259 -50.54427210888978
15.331759705031905 -50.549192530806046
303.999371034635 -50.563756817583425
17.254477668475374 -50.65276128976123
70.75402169461908 -50.73414118344613
166.84660039794554 -50.80906957535427
15.141820495471631 -50.83216526739384
16.498053097068674 -50.8371723151561
212.5786304331244 -50.89033142870394
80.10436243191957 -50.906851484583854
23.575787853314655 -50.916180386883354
16.328107488514743 -50.958621522645956
277.23793608764277 -50.99390697319407
17.034548057405583 -51.15239774264865
285.2686991585245 -51.166253268880354
112.83388727930566 -51.19067756902553
97.9553158637509 -51.21369121777807
11.916186199781372 -51.23397858073571
45.422129219580505 -51.336447095038885
292.759635002235 -51.398740270308906
106.31930561807171 -51.45783607630676
267.3344390558334 -51.480844224054486
352.4838534750206 -51.48801841202789
98.83503430803006 -51.6252647278269
17.431087810698084 -51.6473218075015
16.854605648348485 -51.65544885800312
59.72755073962005 -51.686577914692805
380.36826234520254 -51.72892586535334
134.20038222141923 -51.76839019581252
46.59841941212044 -51.83548322788155
22.432820329118623 -51.862770661017045
156.27664999925804 -51.86977637371899
43.06621656766623 -51.94091267185329
247.80735540630354 -51.97676722587954
47.86468080918893 -51.98946831960951
32.62622457551997 -52.006139197635996
49.050967802232044 -52.04693338842958
15.601673318617557 -52.06660587888174
95.33282186508536 -52.10390131779355
234.92147955771446 -52.221405290118206
73.67975197521417 -52.247343241452164
35.37201244705796 -52.25282950455895
240.52635237315974 -52.29265661204507
241.41939988477645 -52.302064284881986
20.85999038328618 -52.318369023589526
278.7174625621123 -52.32710985170547
121.37448717584918 -52.34991043010658
92.33044944729929 -52.39039721800638
252.97903353327803 -52.394209523842676
34.815523885714704 -52.40851340223054
177.0733273126908 -52.42284238836685
85.92250032476585 -52.49795860048229
14.018846572281944 -52.51325741025787
289.0141670803797 -52.5559530250049
40.99354659667518 -52.56438274006306
337.48865272026217 -52.60821077585507
40.18047348908383 -52.61428993310415
287.81455101999904 -52.61715266353239
190.18579730601846 -52.680723105738885
117.62901925399396 -52.68746290212721
306.8751173127142 -52.735451837839385
93.21683242524723 -52.74884089860453
44.09588701949298 -52.849846619780756
344.76965575340597 -52.87931680274179
104.4499039239785 -52.88522589446922
344.9962498981446 -52.97884243212577
235.10142196677157 -52.98406292604687
338.3817002318789 -53.031354099728624
109.99479593640473 -53.044726633078874
26.621479739947812 -53.064225307029155
188.31639561192523 -53.10204831868313
199.5494671106565 -53.22504695990119
287.1514299199553 -53.246911254525
53.89608377943622 -53.30565633868318
274.03562765979325 -53.35567292865184
95.97261709728839 -53.433401805919154
76.71877932817856 -53.542512926121525
29.49056148435826 -53.5904800346251
348.735053286331 -53.59465690544214
120.96128608838472 -53.621057302028184
29.09402173106576 -53.686816225700944
43.91927687727027 -53.689595860470575
261.06311287351 -53.81876790675025
223.82503099919322 -53.83238663234283
37.44135015121462 -53.9280034082484
29.27729640695725 -53.92834442983758
249.89335444463217 -53.97170337981942
44.45243957077279 -53.97957711536518
213.6982720894797 -53.999971859895055
89.48802583756397 -54.02259779854103
156.6931833535569 -54.04555220474641
349.94133388038045 -54.06551120986476
296.30849918086113 -54.07566861989901
28.454226498862734 -54.10785739245231
310.40065562349963 -54.10873739719136
36.02846901343294 -54.16967741485795
363.69693137274555 -54.18127005672627
338.9481855937253 -54.195686963652804
44.74234678536479 -54.202521849200046
30.75682288142675 -54.203097684522874
248.03394955104213 -54.33322857360707
52.81642932509361 -54.349013173097575
364.2967394029359 -54.349981357513684
30.220327921089837 -54.379105889845654
282.6661987608653 -54.40344791408407
98.16524867431751 -54.40439350834223
46.295183130190885 -54.42882595889041
101.59415124690561 -54.47853097940583
61.72024630658573 -54.51266602472172
27.43455284753916 -54.533070161137765
122.39749309400715 -54.583623277835194
69.60438963675428 -54.631873844685934
51.543503394356335 -54.74715223118269
28.83743718481767 -54.7615146387208
272.23620356922225 -54.78719973363213
103.5135369435147 -54.790861661546636
96.40914405259358 -54.82291886945054
67.8649463492023 -54.83376596880874
384.28700814244604 -54.842186390786274
100.31122851566516 -54.910699071467526
197.6734008828945 -54.947521295621016
52.63315464920212 -54.982019439786846
26.944709622883718 -55.027328834262214
94.86297224143627 -55.169370169377174
43.37611738326457 -55.18708460497999
175.2739032221198 -55.25296285918467
263.81223301188237 -55.266550292445935
262.98916310378786 -55.29013362127832
83.72653648090234 -55.39813226401418
224.2682224881672 -55.40373866113037
275.92169068805845 -55.40913029556105
27.757782730475064 -55.415986348035354
152.9310540975297 -55.42475121165381
53.34292748492735 -55.476813023133786
357.95543561709025 -55.48340574524537
69.2378402849713 -55.4972770345874
100.57447759558204 -55.54431116429023
97.59876331247108 -55.548061368448316
67.3217868551966 -55.5717181912833
74.01631092548764 -55.5798342548948
384.7801836339359 -55.59732716770915
95.53942240881759 -55.6107244664389
40.730297516758306 -55.70786792149255
309.54426304706124 -55.736591393596065
108.00210036943905 -55.7496118516847
33.09607419916907 -55.771499159579044
379.61517004063023 -55.83654570254641
82.53691722102484 -55.85008248606806
393.46407100435823 -55.851300822140594
51.05366016970089 -55.86301666922955
86.4456662177652 -55.86974610407498
104.82311780943026 -55.96065875504445
77.44521349807574 -55.98018193859036
169.72234667602478 -55.98292683502336
231.1626825685217 -56.00673300085011
87.10545505097457 -56.02663790698822
71.96030228866854 -56.152092052002104
47.29486318050811 -56.15428569560697
243.39876638440458 -56.19738662696941
46.02193724977084 -56.249588502132504
99.04829938543106 -56.258378517316146
32.08639734834867 -56.28466364693903
41.43673808564915 -56.28563051997975
42.00322344749558 -56.30463394032231
47.018285033253676 -56.31180732072456
45.2055318753451 -56.315808999270814
96.20920804253014 -56.321153442494825
132.3376450609948 -56.36818887511481
34.53561347162588 -56.38656001198908
382.4376000493592 -56.3942420654384
146.80301538908512 -56.400333428387746
39.30741957847345 -56.40063244140662
68.12486316228478 -56.402045919969844
97.38549823507007 -56.410820365446284
79.30795065850018 -56.426932873358474
89.90455919186282 -56.43475690900069
108.46861772625375 -56.44278951887151
256.10803209077096 -56.45509955072966
57.84481997818927 -56.518676839789435
180.8321243018836 -56.537641129455444
287.3546981968531 -56.566416552694555
106.59588376532615 -56.581744153992894
39.78393373579133 -56.60156942585737
395.34013723212024 -56.60503045246122
131.88112450468327 -56.628114899819145
223.465146181079 -56.63162825219214
78.10833459811951 -56.65347291282715
94.55640369267232 -56.67968387628209
36.9448423928904 -56.684757296490524
87.74858255001199 -56.698986064902066
186.44032938416325 -56.70065359536742
397.20620665937906 -56.707308703300754
372.88732330199525 -56.71561401121926
158.55258824714693 -56.744093581661666
70.09090059457533 -56.74485438192372
253.6321578328186 -56.7452285917414
45.815336706038615 -56.76050465314014
246.17787692428647 -56.765397374862715
92.09719076889193 -56.77738842617119
86.78222516803866 -56.784881264857866
93.76332418608732 -56.78829836758283
90.38440561601509 -56.81762189956212
50.18060625909052 -56.85788530186533
53.13299467436073 -56.86989842766449
69.91095818551823 -56.88672615559233
216.37408235749547 -56.939825224555115
317.1085087611283 -56.94577349142413
315.16579719667845 -56.95129215799491
360.01144425390936 -56.95428958679137
94.0965508695264 -56.97418492674111
39.99386654635795 -57.003657521579356
141.70464713246724 -57.102214673661585
320.8539766829835 -57.10456171383955
225.55114521940763 -57.10592766358206
296.5051029240902 -57.133184356825915
63.436363726296975 -57.21292644488122
49.797395573135574 -57.232773605426964
128.60550620647714 -57.25062198866731
51.24026711242678 -57.2804936172399
243.76864800302195 -57.286017686482715
31.01340742767484 -57.29966306255779
77.77844018151482 -57.306719619183866
102.92372571382752 -57.33201668463525
92.52705319052833 -57.33216192100187
236.7908812518077 -57.36362650768458
50.630462281733266 -57.3772286602971
67.6116940697886 -57.37959354371471
99.34487113369184 -57.45298721629403
28.637501174754224 -57.469913023980375
83.97645649348163 -57.483196912196824
113.80024466127898 -57.58011060613992
219.91628200245285 -57.58230204689642
326.2622457551997 -57.61718375209458
321.23052283526965 -57.65162519362901
387.21607068987555 -57.65434509860068
374.76672179659164 -57.65614067986669
300.24390631227664 -57.69520227348494
91.0608557833964 -57.78723789791496
42.54638294150127 -57.80583630130614
298.3611755508458 -57.846748114829175
56.78182685801862 -57.868940371224745
37.89453844069177 -57.87052541261058
214.50134839656786 -57.87265913897374
355.2562994812337 -57.8756225816423
33.509275286633525 -57.91351495930337
73.24655728674338 -57.9346148878307
99.80472395683778 -57.949086362144946
38.491014204047715 -57.96024407646519
156.48325054299028 -57.969846247343305
111.93750750085454 -57.97091390527692
76.40221397891143 -57.983971361352246
353.07366470470777 -58.00809706436892
101.82407765847857 -58.00991055160358
32.80283471774268 -58.01013362002711
68.90794586836661 -58.017304730977024
62.150108728222136 -58.02704778299795
92.91359614331768 -58.037947913833854
359.838166378521 -58.05875271149363
56.01207321927435 -58.08018222253884
318.7913035124956 -58.09633084243385
119.41511427722742 -58.11375796590013
81.87046385414668 -58.1268912953199
367.28245048655 -58.14560161235562
40.360415898140936 -58.15630041594296
285.47529970225673 -58.172126485689326
101.34089896749191 -58.17328846352757
123.78038383027932 -58.217437334687446
74.41618294561454 -58.24985961012302
294.6590270978377 -58.2870860614652
36.661599711967185 -58.304287246888144
90.8109357708171 -58.34015873807937
328.14164424979606 -58.34018885297903
61.24373214926785 -58.38185738278508
140.1684721218131 -58.40775421833499
87.94185402640665 -58.40834866940644
171.46845449724555 -58.416051669253875
346.858987058569 -58.465952907870864
60.93383133366951 -58.4802476903713
270.3034888052756 -58.49564252375742
31.346634111113914 -58.510410191571076
122.9539816553504 -58.5481907845198
74.67276749186263 -58.549178385142255
154.8104525921261 -58.592795412903435
233.04541332995245 -58.59861522578626
35.71190366416582 -58.60642001764762
257.18435427827916 -58.63361947529554
100.91770107952428 -58.63949617427556
111.72091015661914 -58.654343763865626
88.90487914154558 -58.685756397959324
208.69987183789354 -58.693537514142385
133.2740120414586 -58.69623613736646
156.02672998667873 -58.714479988461655
166.603344919035 -58.745347798339175
90.11782426926382 -58.75352138721522
114.61665003570471 -58.781885963993695
396.5297564919977 -58.80869032733335
134.39698596464828 -58.81948139123454
173.51113406672707 -58.84479492528382
54.96240916644126 -58.865119971578416
227.45053731501037 -58.868225518532945
201.41220427108095 -58.889678857173514
38.16445205427742 -58.979470160844876
207.0270738870294 -59.022068268808965
331.8937767053201 -59.02602313590402
106.02273386981093 -59.077572411572895
184.5742599569044 -59.08291609591087
38.84756675532753 -59.137110537669805
145.65338333122028 -59.15259126411689
79.73114854646781 -59.165785615953034
371.01125707423324 -59.17494581828267
119.04523265861005 -59.206524595181044
150.86171639337306 -59.20782617781475
64.93588380177282 -59.22507228313268
369.13852311330567 -59.22618336387412
229.3132744754348 -59.30586976814501
340.3643989983414 -59.32561117514964
266.8912475668595 -59.3318306956616
42.2131562580622 -59.338852995323386
68.57138691809314 -59.35220150452792
103.3302622676232 -59.37732937755953
210.76254500838144 -59.413445059880566
350.6177840477618 -59.47078070709399
220.12288254618508 -59.52315401463134
290.39372554981753 -59.5385551125616
107.02907845379694 -59.548336163754726
288.8142310703163 -59.55187564728121
203.27827369833977 -59.56421677371171
341.58734092656283 -59.57800696202805
111.00447278722513 -59.597006993576976
144.25716352761057 -59.61160179454304
125.42652364646835 -59.672419408086284
105.54955197932745 -59.69069660927314
140.8115996208505 -59.71309806097332
59.39432405618098 -59.75253100425636
81.63054064207054 -59.75378512508547
130.4282561648889 -59.757176794444796
251.7560916050566 -59.77424127951034
54.3725979367541 -59.83889491342297
398.8890014107464 -59.84821930580276
328.33491572619073 -59.86404321456801
235.35467424618525 -59.88722630845255
80.9940776767019 -59.91676151430383
110.51129729573529 -59.91862100497866
194.91761621085334 -59.932312975732835
182.7048582628112 -59.94677191932595
127.78576856521701 -59.95112954649979
365.3997197251192 -59.972184240383605
264.9018842667282 -59.99556027750998
128.152317917 -60.00637011719033
113.3970403743177 -60.018271928518026
141.92457674353702 -60.02178046095596
391.62132744494016 -60.040321971294794
143.58071336022923 -60.062220623059915
103.85676042745693 -60.105479861837466
133.90714273999285 -60.11888202237591
125.21325856906735 -60.12414827782863
301.48350957467 -60.154992488233994
75.3658789934159 -60.15661513194556
63.662957871035545 -60.16952326294224
115.22312259956384 -60.221917502278814
279.6638263430793 -60.2291157581686
136.0197999129966 -60.25479691354997
228.8434248517857 -60.28704008254945
124.57679560369871 -60.29333046389015
127.34924160991183 -60.31971119508418
62.43001914231096 -60.32697795339342
221.8123418312212 -60.3555100118532
263.56897753297187 -60.38535537731351
333.95644987580795 -60.43381617352659
162.3147175031741 -60.44659887501076
85.19939842170305 -60.44676614089882
225.22458306963733 -60.465649423811044
192.25846727700952 -60.49916283571856
222.1355717141571 -60.50074678811385
108.96512548457798 -60.51740361538547
305.86544046189385 -60.519647922530034
322.5034487660069 -60.55571012446984
313.3430472382667 -60.57462963998689
83.34332579494739 -60.5805403324365
167.7296511090591 -60.58875584957688
131.51457515290028 -60.62514325451385
81.25732675661878 -60.63137570088812
379.2086334868345 -60.63686519000487
202.30525178269767 -60.638815825496685
324.4128376621128 -60.65173184003351
55.47557825893744 -60.662971614348635
76.14896169949773 -60.66470297876941
58.11473359177492 -60.694226034362195
289.23742895828394 -60.700553145531046
165.72362647475586 -60.70550888282699
329.9643942082078 -60.71500751975009
136.56629167383667 -60.71927385180436
305.6588399181616 -60.74569991875284
112.41068939133802 -60.7531545282986
136.2730521924103 -60.75883229806687
63.23309544939914 -60.76544744832754
197.31351606478032 -60.78574937495685
75.14928164918051 -60.79733643755008
361.66091633693276 -60.83391173480779
83.08674124869931 -60.87367338934684
130.0617068131059 -60.91646830809932
64.38272750726395 -60.92859070622197
320.4207819945127 -60.93458247323812
54.695827819689995 -61.03085752401423
160.53528701360943 -61.06213755366711
124.9766676238256 -61.09193476582758
353.4668721911659 -61.101968742938276
57.49159969374385 -61.10257608805
192.67166836447396 -61.13476854278613
58.45795707571717 -61.13720908166088
106.81248110956155 -61.13823202086841
354.3332615681075 -61.15612106450109
259.27701785027654 -61.15813590076622
116.53603573231379 -61.16410780899019
144.45376727083962 -61.16745985779258
225.96767857370648 -61.18281902545809
282.25966220706965 -61.19449863827058
79.55787067107948 -61.19963675619842
135.45664681798456 -61.21561463425943
259.0270978376972 -61.218626678106034
257.600887632578 -61.233791160760696
60.2873715677977 -61.30040116972588
64.68596378919351 -61.30255323453988
170.63205552181347 -61.31782317366501
129.02537182761037 -61.32599156274903
158.11939355867614 -61.32659426310011
219.19318009939005 -61.33539633973123
78.75479436399131 -61.335592313851684
124.38019186046965 -61.33686302749553
105.37627410393912 -61.34547125512915
134.8568387877942 -61.36154540538539
363.9268577843185 -61.369514725076634
126.09964154701528 -61.39119595917382
58.6978802877933 -61.39970477593882
65.66231797167 -61.49249142134236
118.21549821684674 -61.523820283858015
182.88813293870268 -61.53822408104791
213.50166834625063 -61.548588252600915
178.96938714145915 -61.56879548466023
354.5431943786741 -61.584799542358276
159.95214031759105 -61.62494202378715
220.74601644421617 -61.66357491833202
66.35209720638889 -61.66952997010071
246.5277649418975 -61.673249269321694
220.37613482559877 -61.677546214260076
56.40194843889807 -61.68709509627981
300.0606316363851 -61.71067524632934
120.6147303376081 -61.719013473779434
151.92470951354372 -61.722061608089575
242.77896475320787 -61.73947795766754
64.08615575900318 -61.759091080262785
57.108389007788915 -61.766853534846916
137.07946076633286 -61.77253560552797
240.72628838322316 -61.780610475685585
309.184378228947 -61.79387056348162
204.9677329833759 -61.82451425168191
154.4472355071775 -61.83353668026283
330.21098195395274 -61.87169084670284
142.35777143200784 -61.89467230005115
194.23450150980324 -61.91072862976733
376.64278802435365 -61.91110243340736
159.46562935977002 -61.91553230398625
127.57916802148479 -61.92773509007628
139.56533182478836 -61.95421783948829
354.91307599729146 -61.95429219972893
148.45915200577733 -61.992432502886295
275.7384160121669 -61.99470048269678
329.49787685139313 -62.0277769940542
203.55485184559421 -62.11152356448029
163.1544487454406 -62.13165403921008
257.37762575467383 -62.13897614463602
162.4913276453968 -62.16505984952213
160.21872166434233 -62.170553165017914
146.44646283780529 -62.18042451441469
164.70728509026668 -62.199844151546756
116.20280904887471 -62.22533771637819
137.4626714522878 -62.227992746052315
389.521999339274 -62.26038181870674
205.14101085876422 -62.260955510552
176.67345529256392 -62.28069836351924
333.5465810551779 -62.281183505342675
132.9474498916883 -62.285899028270045
62.65661328704953 -62.298771391910236
352.0339974523779 -62.30331473944162
135.66324736171677 -62.305257361005964
66.66199802198723 -62.324282916215545
135.25004627425233 -62.32842340859427
130.91809938954432 -62.33316370335538
125.87304740227671 -62.340231426380825
144.7869939542787 -62.358853452627926
371.2111930842967 -62.36489047311152
143.36744828282824 -62.36957736061333
262.6026201509985 -62.389018385371436
142.84761465666327 -62.40284154285623
198.55978386084246 -62.411023526417104
169.0225706408027 -62.42051226036869
228.49686910100908 -62.420974291969536
270.6966962917337 -62.421345634756655
361.99414302037184 -62.42521892855484
159.11574134215897 -62.44200009769119
268.4474161785199 -62.46133740506938
141.48471752139744 -62.476015049774134
215.9275586016871 -62.49975529239
356.1993309953663 -62.500148693888825
145.92662921164035 -62.5074700739506
199.89602286143315 -62.51155130997492
200.18926234285954 -62.53209647024226
322.2202060850837 -62.535130726620416
342.0905132185558 -62.546971696158984
123.59710915438782 -62.54882509143247
190.4523786527697 -62.59644457500631
254.20197546149942 -62.59810028206338
272.01960622498683 -62.599989098912374
185.54061733887772 -62.613853201508256
138.5423259066304 -62.62733845082682
123.12725953073873 -62.63499913484477
153.23429037945928 -62.636922618309974
300.44717458917444 -62.73387158790694
179.39591729626116 -62.736029621146876
170.35214510772462 -62.76447204741013
302.24659867974543 -62.77208096230898
286.65825442846545 -62.77232385869943
146.27318496241696 -62.77354063535281
122.08092774474002 -62.77467316377086
193.0915339856072 -62.77789761841837
170.05557335946386 -62.79368681975105
211.11909755966124 -62.802709591936484
385.7665346169156 -62.83289193437028
149.51548059227918 -62.839841840283974
326.60213697230756 -62.856193840034045
189.69595408136303 -62.862006807643745
311.9768178361665 -62.86466413226657
215.6376513870951 -62.87185501504638
119.91162203555164 -62.87964505139644
158.8891471974204 -62.894320442791944
238.24041732476766 -62.894478113986814
123.3205310071334 -62.907540893114174
217.41708187665978 -62.90859492153277
205.89410316333652 -62.914562857958636
129.3086145085336 -62.920471884624966
215.0711660252487 -62.93808486556077
202.77176913951237 -62.94120800267223
240.15647075454237 -62.947939462917134
247.40081885250788 -62.950320444698036
114.23010708291538 -62.9792060795072
269.2005084830923 -62.985523147109724
234.41497499888706 -63.00089182781505
386.2063938390551 -63.013702764051466
209.23303453139607 -63.01484432326132
307.55156748009557 -63.016021264641346
323.0066210579999 -63.028239003762714
305.42558123975425 -63.057390380400555
151.36488868536605 -63.06820033791857
186.813543269615 -63.07236912899393
214.7446038754784 -63.07341424296917
209.41964147412196 -63.079737746422815
399.25888302936374 -63.09468545758104
307.7914906921717 -63.10103248864764
163.70760503994944 -63.1045341204675
301.910039729472 -63.112513619398364
261.5096366293184 -63.152024454947025
203.78144599033277 -63.164943424679365
240.91289532594905 -63.19520554851935
298.02461660057236 -63.195957961282026
307.30164746751626 -63.20029795530098
236.47431590254055 -63.218172708165525
179.16265861785382 -63.22416926824328
149.85870407622144 -63.2260737246555
172.91799057020552 -63.235431783519765
196.36715228381334 -63.243683729330236
161.90151641570966 -63.24427427088682
155.1703374102403 -63.24634883107159
193.29146999567064 -63.246441975802945
207.61688511671653 -63.248890210845026
260.26003656642183 -63.260666001905385
184.8941575730059 -63.271858418964634
238.97018376149924 -63.273331470320024
286.25838240833855 -63.27649466882881
150.06197235311927 -63.292517848139425
144.01724031553442 -63.317725734860254
157.56623726416728 -63.32158664098929
276.1849397679753 -63.32241268397055
224.49814889974016 -63.3431824471549
175.64045257390276 -63.34831929335447
211.69891198884523 -63.35116278400543
212.92851845073542 -63.352325713942186
181.20200592050097 -63.36932883190256
255.85477981135725 -63.38272845124766
375.1132775473683 -63.386947124298366
348.231880994338 -63.398124114924904
165.3537448561385 -63.42153466179186
178.67614766003277 -63.42655340734694
55.30230038354912 -63.427896658306274
317.3417674395356 -63.43177432109524
118.49540863093557 -63.46523737144656
214.084815042269 -63.478187386033845
157.3696335209382 -63.48940534597511
256.7678209239803 -63.523047615634766
227.96370640750655 -63.52513645923839
147.97930558162506 -63.52701650469339
264.51200904710447 -63.531256689244714
212.25540055018848 -63.536269787273845
261.3296942202613 -63.53961110433906
277.86106998567385 -63.54334116211553
171.16521821531597 -63.546063897452235
139.2687600765276 -63.555347705534224
181.50857446926491 -63.58307483809784
117.15250509667608 -63.58900380877145
394.3337926481342 -63.60018161706565
222.44547252975545 -63.61172057760939
365.9528760196281 -63.621107395438436
278.2809356068071 -63.624658814957876
332.2136743214216 -63.62961863959844
355.812788042577 -63.640951653246134
231.39927351376343 -63.64461473836412
201.0323258519604 -63.657163814638345
161.64826413629595 -63.658758977837415
124.07029104487131 -63.67317864934321
150.5551478446091 -63.686522877087505
167.50972149798932 -63.68945607126832
270.09022372787456 -63.699249524147596
281.2299917552429 -63.70972780594795
357.4789214597724 -63.71378865901778
148.20256745952923 -63.72089983290152
226.98401995819566 -63.73126043110782
259.5302701296903 -63.73749584471211
268.917265802169 -63.738416375905594
188.98951351247217 -63.757565515221295
139.0854854006361 -63.78145301664767
174.96733467335585 -63.78217902259724
386.5362882556598 -63.784785503811115
174.0143063587201 -63.785268334869706
190.71562773268658 -63.79821440480961
318.59136750243215 -63.827311191086075
219.39978064312228 -63.831615699553055
179.57585970531827 -63.84776559572574
328.5381840030886 -63.853905329090765
153.67081733476448 -63.854869516117596
381.24131625581293 -63.85548308755609
352.7670961559438 -63.85696070186837
222.98863202376114 -63.86413671660796
301.67344878423023 -63.87824390476135
219.66636198987354 -63.88207745016643
183.2780081583264 -63.88505610085883
131.1413612674485 -63.89440856859924
383.2240150222754 -63.93448421588908
360.7878624263224 -63.95424607991023
279.2139703204365 -63.95893464228206
201.67545335099783 -63.96290920825523
291.3934056001347 -63.967032059193635
280.9700749421604 -63.97139866516818
171.99828492391367 -63.97514310639925
340.9108907591815 -63.98640040807867
258.08739859039906 -63.988130444680735
121.74436879446655 -63.99374169100537
248.79370638928322 -63.99795246073328
254.59851521479192 -64.00327990555861
289.44736176885056 -64.01764418125613
169.19918078302544 -64.04061961562107
367.0658531423146 -64.04333654255092
362.4106763746707 -64.04400624743103
294.0059027982971 -64.04673687241639
197.07359285270417 -64.04732122101107
194.66103166460525 -64.05441734427008
201.92204109674273 -64.06433580378132
198.12658917237164 -64.06921414724847
383.663874244415 -64.07228312687958
269.8936199846455 -64.07260881397069
260.5166211126699 -64.0776400473831
321.05058042621255 -64.0901035487605
239.50667872183615 -64.10067362689026
284.9821242107669 -64.10257494237652
222.76537014585696 -64.10319310132815
160.84185556237338 -64.1106243949557
143.02755706572037 -64.11335366738881
165.07716670888405 -64.11674050723055
229.68648836088659 -64.11999390767471
283.94578922527137 -64.13316515063146
300.62711699823154 -64.13370155111164
170.8653142002208 -64.15244137796523
304.4325657231058 -64.15260738820494
334.26635069140633 -64.155181628795
198.9829817488101 -64.18173965787538
393.27413179479794 -64.18848027016399
369.54172740026695 -64.18867933938374
256.3679489038534 -64.19787663048076
224.8813595856951 -64.20018976172254
371.42112589486334 -64.2064198833837
299.01096758355203 -64.22460559208484
376.3962002786087 -64.262208904887
175.87037898547572 -64.26631632846089
245.55474302625538 -64.26839416252444
262.2327385323812 -64.27695148133175
294.8989503099138 -64.28337816564373
172.51145401640986 -64.2875026539207
161.42500225839177 -64.30634670318658
395.07688815220337 -64.30825187574915
230.8694430870953 -64.35045556075251
162.77790259315444 -64.36464512490603
221.40247301059114 -64.38030878347372
271.83633154909535 -64.39063309864666
154.05402802071941 -64.40636960783347
342.7469697849308 -64.43757586220032
190.99220587994103 -64.43950446999351
155.7468195725899 -64.44485768736735
325.4558371812771 -64.45193738038002
233.26867520785666 -64.45701483510116
375.33653942527246 -64.4597452854835
147.0196127333205 -64.46981269435835
358.925125265898 -64.4701899673425
176.2535896714307 -64.47425825080745
210.33268258674502 -64.47939253295962
183.6045703080967 -64.48092489461739
334.81950698591515 -64.49686224330782
350.1812570924566 -64.5046206443852
293.4327529027819 -64.50609081546658
280.0836919642125 -64.50770661744339
201.2122682610175 -64.51006000782085
321.83699539912874 -64.52864637128505
233.66188269431476 -64.54029505011198
182.26499904067163 -64.55925103436998
339.5646549580876 -64.55942408268612
289.80058205329595 -64.61265106264803
216.9372354525075 -64.61311384410428
223.27853923835315 -64.61711342059802
306.4252612900715 -64.61770488282197
325.88236733607914 -64.61935890804149
189.29274979440174 -64.62747035456196
204.07135320492478 -64.63603435248878
353.76677620626106 -64.64384315570642
386.93282800895236 -64.6471507341135
331.3006332087985 -64.65423348709247
244.6583632478043 -64.67006575448141
313.9528520689602 -64.67407583988592
183.98111646038285 -64.68812962706771
371.66771364060827 -64.69193240866245
265.0718298752821 -64.69685623361538
253.18896634384464 -64.697492832561
195.35414316615854 -64.70631157850862
298.8343574413293 -64.71591115585001
358.67520525331867 -64.7235397672424
275.40518932872783 -64.73035879790186
356.50923181096465 -64.7333697221106
261.94616358462355 -64.73855076742713
178.29293697407783 -64.73982537294064
260.03677468851765 -64.74973093325066
333.23334797274515 -64.75027954636856
391.28476849466665 -64.75441496474795
174.4108461120126 -64.755592250851
250.86304409343987 -64.761888646675
187.1334408857165 -64.76775862769561
302.6631320340443 -64.76876072072594
265.85158031452954 -64.771097810297
299.75406308762115 -64.77546423957047
258.5439191467106 -64.78279975004075
293.6526825138517 -64.7846990695744
178.46954711630053 -64.78925288294182
398.4491421886068 -64.81543990450818
239.90321847512865 -64.82513383536437
161.19840811365322 -64.82736574525383
265.32841442153017 -64.83074636878727
148.6890784173503 -64.83525442460795
246.80434308915193 -64.84362454340389
339.7579264344823 -64.84888743369056
294.29914227972347 -64.85722348239173
364.6366306200437 -64.86931569704747
373.3105211899629 -64.87086009934693
284.34899351223265 -64.87104168374465
230.2596382564018 -64.87242627014196
268.01088922321475 -64.87809224113646
392.01786719823264 -64.89152488586952
363.01714893852983 -64.90163517311031
319.0045685898966 -64.90396465087007
247.16089564043173 -64.90485247912657
264.2820826355315 -64.90703532172377
228.14698108339803 -64.9098515048574
336.15574598650585 -64.91782940839936
343.3567746156243 -64.92852171393814
304.8790894789142 -64.94966230479925
327.655133291975 -64.96611604870539
303.61616034868007 -64.97154635027267
248.51712824202878 -64.97389600248992
218.77664674509123 -64.97780255063545
380.93141544021455 -64.98755556505034
211.3890111732469 -64.99112682599645
249.09361040437838 -64.99980180759586
172.3115180063464 -65.00281496464173
217.21381359976195 -65.00447459264933
232.02907194546327 -65.00596485756279
276.5714827207646 -65.01181280239747
277.53117556906915 -65.01624309447327
213.27174193467766 -65.02175546560542
346.1991982253596 -65.02848281995136
284.5855844574744 -65.03226356413995
390.50835032225365 -65.0387657203787
327.0220025934408 -65.04766064377212
275.1452725156454 -65.04772741214468
336.9521577599253 -65.0513430521724
271.1198941797013 -65.05210512279939
392.311106679659 -65.05610033844864
319.4077728768579 -65.06327318550687
172.71805456014206 -65.08972535414495
265.531682698428 -65.08993093847347
337.2920489770331 -65.10686601324208
312.7599005422483 -65.11387577566997
316.5886751349633 -65.12290646232123
261.7162371730506 -65.13929030599965
273.6890719090166 -65.14027587841194
185.24404559061696 -65.14592984535284
393.9705755631856 -65.16449778369389
167.0765268095185 -65.16826131560674
250.43651393863786 -65.18755609561158
325.15926543301634 -65.19188551131369
208.07673793986248 -65.1942323695607
330.71082197911136 -65.20751407229751
267.5543686669032 -65.23248678356323
245.7280209016437 -65.23788020376027
372.01426939138486 -65.23861146716457
347.56875989429426 -65.24016022098967
370.1681935651324 -65.25535756170848
323.476470681649 -65.25989666714354
187.6865971802254 -65.27226574168213
396.1698716738835 -65.28327806790615
241.13948947068764 -65.2838540253436
347.8386735078799 -65.29496217407733
237.60728662623342 -65.30198001829083
186.01713149619562 -65.30445852814802
315.77893429420635 -65.30777780586739
357.22233691352426 -65.3102298189396
370.7346789269788 -65.31726852855385
263.36237698923964 -65.31899253236672
355.4862258928067 -65.32830163527325
394.6736838652421 -65.33045596077274
155.576873964036 -65.34071102828523
302.89639071245165 -65.34453323700586
392.61767522842297 -65.35259889987752
347.2055428093457 -65.35287801892483
290.03050846486894 -65.35398017568222
181.75182994817544 -65.36495694171792
368.0088846564472 -65.36716455755281
235.54461345574555 -65.37120751259754
187.98983346215493 -65.37252984236422
390.8082543373488 -65.37677627118671
351.6607835669261 -65.38315696852591
230.51622280264988 -65.38337897896412
359.10839994178946 -65.38547920031648
310.0274417380479 -65.41570596747886
151.62147323161415 -65.41798121399802
220.56607403515906 -65.42531615586704
361.16774084544295 -65.43480895281061
279.0273633777106 -65.44003854489738
236.18774095478295 -65.46468973282511
297.2448661613249 -65.48456018779461
310.72055323960114 -65.4877812147689
226.67078687576293 -65.50770651024877
274.9453365055819 -65.52390622128344
252.49252257545697 -65.5503793284483
237.94717784334128 -65.55606873977608
314.1294622111829 -65.56417543037543
329.71780646246293 -65.56504423721366
291.8665874906182 -65.56603004133576
307.08171785644646 -65.57119257005373
319.954264637698 -65.57286733172323
297.74470618648354 -65.57388354456569
244.90161872671482 -65.60018788606219
232.29232102538015 -65.60219902704864
178.10633003135194 -65.60620147185627
357.0057395692889 -65.61202691356668
359.2783455503434 -65.61740959133614
342.51037883968905 -65.61854376653184
388.6056259598165 -65.61869195519704
271.44645632947163 -65.62930497942968
397.8659954925884 -65.63532001977977
211.96882560243088 -65.63819339826655
381.4579136000483 -65.64402227232664
295.1955220581746 -65.6573585577456
252.1926185603618 -65.65967150068708
200.60246343032398 -65.66251489623251
314.3060723534056 -65.66372653531936
296.785013338179 -65.66629255175057
299.4075073368445 -65.67126039446201
323.2965282725919 -65.68842734744688
329.01803042724083 -65.69680098442724
292.316443513261 -65.70577916510375
292.0965139021912 -65.71295667827603
267.7643014774698 -65.71812065947518
301.1136279560526 -65.71856508345094
323.7363874947315 -65.71934313310128
152.13131005727593 -65.72037357026336
318.36810562452797 -65.72929535325362
356.7458227562064 -65.73623552651101
370.37479410886465 -65.74273958629922
179.99239305961711 -65.74314373747877
189.8792287572545 -65.76371764663564
390.13180416996744 -65.7735535701007
340.6376448787615 -65.78950024896977
332.8934567556373 -65.7973682654826
308.9844422188836 -65.82333875171649
374.33352710812085 -65.83439020415369
389.13545638648463 -65.84229862872313
372.3208379401488 -65.85595900171441
375.72974691173056 -65.87012197891421
204.37792175368872 -65.87557802445956
399.6520905158219 -65.88056323982862
285.7818682510207 -65.9052226550985
368.42875027758043 -65.916956849387
226.33089565865507 -65.92574438627874
344.2431575935723 -65.92618864862443
336.49563720361374 -65.94138544354074
308.6912027374572 -65.9504002549097
312.52664186384095 -65.9918227900286
187.44667396814924 -65.99346140579321
391.07150341726566 -66.01594013019263
364.12346152754753 -66.02005970375406
327.25526127184816 -66.02482267810792
245.30815528051048 -66.03780465712548
351.3008987488119 -66.05070621103226
295.8319850235432 -66.05553526816134
385.4366402003109 -66.08622452849255
300.88036927764523 -66.09023180618779
325.6857635928501 -66.10554790669856
196.57708509437995 -66.10856061723753
398.2258803107026 -66.12344203965631
316.125490044983 -66.14955395047599
251.0996350386816 -66.19000999045281
346.41579556959505 -66.20579214496719
272.90932146976917 -66.21079446093965
395.8932935266291 -66.21659019709573
280.54021252052405 -66.22255910388832
396.7896733050802 -66.246378966142
364.88321836578865 -66.2521474060979
297.55143471008887 -66.27698229198843
319.65436062260284 -66.30688523198937
184.15772660260558 -66.32081881082706
384.9834519108337 -66.3338376747963
285.971807460581 -66.39259811668833
273.2158900185331 -66.46546061178913
377.85906541890625 -66.47345797161668
330.4109179640162 -66.49664595436418
231.85579407007495 -66.52231628595372
243.05887516729672 -66.54730897580369
362.5906187837278 -66.577303754402
388.40235768291865 -66.62863026968553
375.5131495674952 -66.63562231510876
382.64753285992583 -66.65274424268372
334.596245108011 -66.66217025879415
377.44253206460746 -66.66234125399784
375.9630055901379 -66.69242762260865
229.99972144331932 -66.70883471151069
317.72831039232494 -66.77236723974795
303.2096237948844 -66.77506220752541
388.87220730656776 -66.81047840980493
339.98785284605526 -66.85181915081223
308.4112923233684 -66.85238169176579
295.64871034765173 -66.86167522094671
343.9032663764644 -66.90983197651195
366.2361187005513 -66.96309711643441
271.65638914003824 -66.98412490520776
349.7547269376546 -67.1768889796197
349.4581551893938 -67.21761875599242
305.1156804241559 -67.23443735384402
373.98030682367545 -67.4368331110358
399.90867506206996 -67.62450738915834
