48.76771242544706 24.441225153329835
24.558800175985294 -9.21790240635014
72.97662467490882 -10.407000066814497
243.85522345706974 -12.485220837851639
341.4073096377983 -16.057150657754168
311.21697997776755 -16.491681087876014
146.31979860617562 -17.053491300452613
5.698174803383291 -20.339827044672067
336.5255399963033 -22.38730810819579
97.53542485089412 -23.004805377335842
195.08751103162268 -26.561472372470686
85.08941146455692 -27.25614058050119
91.83725004751082 -28.31947868622172
238.99011514540913 -29.052995742422087
37.35470148884602 -29.371114898259396
53.6494820669421 -29.910048689307644
20.060241120682697 -30.147750173807466
43.90260411378647 -30.24739647027836
12.446013386337189 -30.665427842656207
18.96059335160873 -31.03368444862845
219.64631120760797 -31.07163744066543
22.00961671131382 -31.45831873118715
75.52580813958029 -32.11333795312642
3.9487351707656138 -32.11491550964512
268.0641357065315 -32.25566068431951
77.85839431640386 -32.85399000265028
21.143227559922213 -32.92013846119058
116.12946894614485 -34.59935945380672
134.90678766957458 -34.78603494271349
1.5828263342731363 -34.84836306052652
0.6164692038748005 -35.05643954746193
137.02277655855025 -35.08476291065258
390.17502206324536 -35.10761457783242
71.21052371245668 -35.38524841783642
23.67574969475923 -35.51273839756222
73.85967515613488 -35.62361119378175
365.61622188726005 -35.83776140293773
76.3921972909719 -36.81464760825135
7.5809050746766005 -37.70295606263535
317.18173605850205 -38.14867196357908
80.42423911090978 -38.38322952986986
168.7459485633508 -39.141602074693175
152.2012480377379 -40.44440467654045
292.8062105106958 -41.453233017769534
234.55820140944437 -41.539752181189385
29.440569817480338 -41.6515659262071
360.734452245765 -41.76067167970928
68.11151636324823 -41.93883373493435
281.39319957409475 -41.99387521206137
11.446333596269945 -42.40989832057775
9.763539282990083 -42.55021067154019
287.0080677283058 -42.60763150921207
31.573220036290458 -42.631527274277886
98.9183152271538 -42.703222355217605
121.6610304511836 -42.90886190865467
378.9452857548233 -43.048981435050074
147.75267297193867 -43.19392017407524
312.3166277468415 -43.29784256177051
120.54472135227518 -43.67534937760048
249.73667288863203 -43.89393067963055
384.5434925791999 -43.950335869542215
283.17596186638133 -44.024144745269226
324.4627371961585 -44.134161516785085
109.13171041567414 -44.18330364036475
35.521955207056074 -44.19086154709905
67.14515923284989 -44.247174236155544
200.78568583500598 -44.586027660267426
34.422307437982106 -44.64152533835141
248.73699309856477 -44.858989711511114
177.97632529163835 -44.93170623420208
51.71676780614543 -45.406173040389355
105.0830072659018 -45.77563539616905
95.96925984645543 -45.788372695278156
14.878567542167483 -45.825183029716676
103.03366369626396 -45.95033178234242
30.406926947878674 -45.99713588672
191.17209852052596 -46.01214062395334
380.7280480471099 -46.13274155747131
378.0122512840939 -46.245382183713275
101.50082135149418 -46.258396454659035
8.763859492922839 -46.70130235534768
62.013469643838036 -46.96111207142217
141.43802896468057 -47.303910309862474
346.2724179494589 -47.39267535632581
342.8401840035613 -47.68967915472395
164.69724541357846 -47.94476611573109
298.3377720157345 -47.993369301258255
263.1990273948709 -48.04319910225102
94.78630542820919 -48.10123707315688
63.12977874274646 -48.10512227140673
39.23743176013933 -48.28998697903495
88.00514418558639 -48.335913752146034
206.68379659640271 -48.517843808100174
288.67420071175115 -48.551024886268124
207.55018574779433 -48.63953548587277
322.8132655425476 -48.69373533250463
176.51012826620638 -49.057568462350496
280.1769224961796 -49.13766487242085
45.618721086735235 -49.20671043504139
242.42234909130667 -49.45004634461951
28.124324760558466 -49.58308119109077
367.5322748182223 -49.80516887239035
56.66518276697828 -49.95847808598137
40.30375686954439 -50.07315414756093
110.2313581847481 -50.20614690063684
132.7241534612611 -50.21124737133049
213.6815551268734 -50.415971703925834
269.1804448054399 -50.571670597213725
192.3217302791033 -50.904339604749836
217.0971277429365 -50.93398976548769
131.20797244632578 -50.95427950395563
33.13938504072914 -51.09195183609825
83.12337454409135 -51.11500485831034
270.613319171203 -51.14457450868208
181.8417538132317 -51.16175361867646
145.3534414757773 -51.333166318109996
251.6693871494287 -51.43244725102748
149.26885398687398 -51.50862808622986
306.05196772908675 -51.53065425481786
208.4998815483582 -51.93900471698316
349.2048120003228 -52.04689906319774
128.3755463744686 -52.18206748269048
266.0147921368936 -52.34028338714446
107.2989641338842 -52.4518946989883
42.93624698338813 -52.54769164643026
228.79338128672325 -52.680191136070576
272.94590534802654 -52.71570485438542
126.65942940151982 -52.857288526840655
247.52071602064962 -52.85853858995626
307.1682768279952 -52.88154396285945
329.2445388586468 -52.93930599389015
264.0987392059314 -52.95407113932246
252.68572826933038 -52.958574802591144
331.6604316846427 -53.0302802042019
230.27623964198966 -53.03835498180575
166.5633143550373 -53.15448361417332
225.06124340380555 -53.15723472728295
189.58927218625283 -53.23942393613934
376.5793769183308 -53.300849533134496
209.61619064726662 -53.42100015429034
104.11665013550346 -53.48245527376066
65.42904225990112 -53.60930546256593
221.6956547772458 -53.69973535057105
111.16439265547754 -53.71180065149014
140.47167183428223 -53.774536550830234
216.23073859154488 -53.884251107925934
363.5668783176222 -53.930794358473186
119.56170289204239 -54.05817131585021
58.06473447307243 -54.07691542484447
113.2803815444532 -54.133069019233595
305.08561059868845 -54.2080410565693
318.1480931889004 -54.36679196426227
185.7904889839973 -54.48974816598175
171.6450199545458 -54.50854222070912
89.054807965157 -54.67674192767164
383.17726353277465 -54.77979665246667
184.07437201104852 -54.929481570190106
210.83246772518177 -54.996286124119244
196.67033736589582 -55.016231972748415
129.59182345238375 -55.02364439867436
364.5832194375239 -55.28654674673328
319.2477409579744 -55.373576078684074
193.6546366658596 -55.44018372003361
296.5716710532824 -55.44416398124943
150.36850175594796 -55.54067413591489
59.34765687032539 -55.59047600384015
170.2621295782861 -55.637302921985885
218.2967434910172 -55.66965897631551
385.7264469974461 -55.76627727275068
118.42873246329951 -55.859135100404764
304.21922144729683 -55.975154657487465
355.7027306357599 -56.027136900569275
162.1147392892381 -56.07584157278089
371.44768732931897 -56.13204443696736
396.2397461229866 -56.166598632967286
274.89528093865766 -56.175080217556676
290.47362433387224 -56.307321047095165
199.55274742725638 -56.33221363074352
294.20576221678994 -56.39859425855961
157.73280954277666 -56.45032252097036
356.5691197871515 -56.75410833338498
274.0455531171005 -56.95465812666997
397.3227325622261 -57.14556708341216
153.30089580681187 -57.17398521281439
205.65079414666656 -57.33223245313087
155.45020735545646 -57.375498526267876
271.49636965242905 -57.46928082157838
159.89878242125567 -57.58902680410226
156.74979108254388 -57.611195375173985
353.35348312910185 -57.61324235629302
372.8472390354131 -57.715935063695774
258.8837429677473 -57.73596785381735
187.55658994644944 -57.73771526813647
347.2387750798572 -57.778470840124356
173.07789432030884 -57.85762702182068
339.2579980891537 -57.89435463790929
276.04491269723496 -57.9154938910217
175.56043246564252 -57.93593163720941
231.7091140077527 -57.98986464973268
246.63766553942355 -58.064360609407224
345.0728022013782 -58.23878933179897
374.43006536968625 -58.33423480801426
255.26823439367075 -58.335376148305905
327.4117925768569 -58.34598453009058
179.25924768889132 -58.45159680178575
343.93983177263533 -58.46448113984303
308.2512632672347 -58.516937414839205
314.64921392366506 -58.52705710346073
369.0317945033231 -58.56400432918373
325.545723635398 -58.5821872472368
203.26822398033963 -58.92762493081818
260.8497798882129 -58.999915849049714
370.0148129635559 -59.01736536942533
297.438060204674 -59.03139942335153
174.42746203689964 -59.03391101785494
257.5341752511565 -59.07417951389646
277.61107770167365 -59.10709654974015
392.7242055279168 -59.225141395338184
395.17342101358156 -59.28097006255288
284.7754495304889 -59.28102463938022
233.20863369285357 -59.31859515483843
382.04429310403174 -59.51731654614016
300.2038409571934 -59.62581385050921
201.7187203057354 -59.689291697557934
375.7129877669392 -59.826374504991534
226.04426186403833 -59.90693623586175
358.1186234617557 -59.92673353466293
387.042692054368 -60.0107979780556
301.45344069477744 -60.45479232604877
354.2698562699968 -60.65641891805406
350.22115312022447 -60.73303373498908
351.63736615615306 -60.803617492400065
387.92574253559405 -60.84541722184065
226.91065101542995 -61.17612665930559
333.55982328577045 -61.52295596171193
299.2208224969606 -61.85462689232317
