48.63442178677142 23.57657047275897
24.40884820747521 -8.628791401311812
72.84333403623319 -9.003737081571382
22.542779266016353 -15.324819520907884
243.15544760402267 -15.61564892974616
74.72606430752649 -16.441452662517765
145.90326536031426 -18.502298459084347
311.3669319462776 -19.36179127724471
5.564884164707658 -19.55716640974228
97.26884357354284 -22.355949086427046
340.4242911775655 -22.71625127353751
3.5655245845731702 -27.289207099738274
84.95612082588129 -28.43918752241795
194.52102581725123 -28.551277164798634
71.37713701080122 -29.26598439978752
91.70395940883519 -29.71545878746232
18.79398005326419 -30.1828561963098
12.312722747661557 -30.49879427782912
37.504653457356106 -30.896038572046383
218.9465353545609 -30.931163391250696
267.38102118331886 -31.08347471946843
21.65972878479029 -31.927453923444812
337.6751717548806 -32.393718315793315
168.62931925450962 -32.88933202142354
75.5924534589181 -35.19293188894204
78.47486352027866 -36.001367946446166
217.0638050832676 -36.67274256919793
29.65716710532824 -36.94873557145789
134.7568357010645 -37.18131618958659
77.34189309153578 -37.38288113165283
389.0587129643369 -37.81075291746736
96.00258250612434 -38.0146152940912
116.84590612902637 -38.284334801422595
364.63320342702724 -38.698738281748554
191.3720344785394 -39.16744807011014
287.15801969681587 -39.28848492211759
269.24709012477774 -39.512247558826985
10.280040507858159 -39.836298881785844
11.363026947097675 -39.84924448520252
33.70587025510058 -40.150515986339755
335.5925055255738 -40.1741917885679
316.1987175982693 -40.17699693956513
240.40632818133773 -40.79178643518016
7.8141636923589575 -40.93520838490788
195.4040762984773 -40.944566315860335
384.4268632703587 -41.02079797615546
238.47361392054106 -41.101969471375526
288.64087805208226 -41.454943752366525
27.15796763016013 -41.78609269941144
100.81770682828156 -42.18613643155543
80.55752974958541 -42.29616194430175
35.40532589821489 -42.30965709081413
0.2665812773512651 -42.38109616885805
292.67291987202015 -42.732387768089595
51.38354120945635 -42.83947419120952
152.33453867641353 -42.95327673102753
6.681193263616081 -43.02493481744009
14.91189020183639 -43.04164962591631
25.291898688701274 -43.09511598213017
281.54315154260485 -43.24074194615618
148.41912616531684 -43.50619354150144
200.0859099819589 -43.896673854947245
291.7898693907941 -44.25813314411294
63.54631198860781 -44.50079965074954
177.82637332312825 -44.70808216134246
70.09421461354826 -44.83233504418419
378.4787685194586 -45.100149849329306
380.96130666479223 -45.143793965787786
249.60338224995638 -45.254619905335545
120.41143071359954 -45.478823052115104
16.028199300744813 -45.74077508893023
121.52773981250797 -45.767292448326316
98.95163788682271 -45.78641135558112
67.32843386102888 -46.02769088618394
245.90456702670758 -46.23783906416457
366.51593369832057 -46.45036314217742
55.74880962608331 -46.532724599045146
361.88408400434236 -46.802131453717024
314.3326486568104 -47.04357529774194
324.6126891646686 -47.07695389790696
16.99455643114315 -47.11063639130336
170.11217760977604 -47.23981427980006
382.54413299906537 -47.2941009270114
342.94015198256807 -47.38529797516545
109.28166238418423 -47.51004622916647
94.91959606688482 -47.54268962971089
285.27528942552254 -47.642302965928714
61.03045118360525 -47.76324923267984
45.8853023640865 -48.31466484949406
387.7924518969184 -48.3215605986041
40.820258094412466 -48.57958124062972
79.441220650677 -48.68625861457605
89.45467988118389 -48.79351269551658
313.44959817558436 -48.9400437381492
104.93305529739172 -49.0734518543851
106.56586562116821 -49.15832092385032
206.53384462789262 -49.33030884518019
360.00135373304903 -49.348859264899275
122.51075827274076 -49.51344211906069
92.8202685077436 -49.52129958925805
86.97214173585023 -49.808206370025815
39.1374637811326 -50.0672248756974
213.31500587051542 -50.107447032230894
28.290938058903006 -50.112481710761266
85.88915529661072 -50.14515956161439
164.59727743457174 -50.33568925414892
221.6956547772458 -50.65533888515964
99.81802703821431 -50.66133566355851
32.22301189983417 -50.694154896509986
251.80267778810432 -50.75596297935485
279.493807972967 -50.77697611039403
110.39797148309265 -50.871152104226816
143.15414593762935 -50.962278099243186
115.91287165829695 -51.03574042978282
82.54022799988545 -51.1342215692933
262.74917148934065 -51.21406675033701
90.73760227843685 -51.32918508905411
102.8337277382505 -51.43297892141632
43.802636134779746 -51.48025124740875
208.63317218703384 -51.627840639243985
83.82315039713842 -51.70777585232522
158.2992947571481 -51.86644029064
367.6655654568979 -51.89191951516151
297.35475355550176 -52.06988248913728
332.32688487802085 -52.29261102643075
247.65400665932526 -52.57112927260066
174.94396326176772 -52.61062558577584
59.61423814767665 -52.64577581851567
193.27142607966718 -52.729401587608315
349.07152136164717 -52.73724482619167
54.049353982968995 -52.801458760715846
209.76614261577672 -52.93496456623011
255.5514770008565 -52.9518694456103
390.30831270192095 -53.08402282389396
272.2128068353106 -53.173428434347734
325.4957396458947 -53.48967060975512
165.58029589480452 -53.50389650502868
230.75941820718884 -53.58584366017847
130.77477787062998 -53.62733988647005
258.0839991356935 -53.631896562138465
137.98913368894858 -53.63445475942569
156.4165644858548 -53.71833392256765
214.4479762992583 -53.9108714843065
317.3150266971777 -53.96361359998493
160.89846221132294 -53.981439113704674
155.38356203611863 -54.043020164896156
363.7668142756356 -54.050276594670514
286.2249852260864 -54.087660990521165
172.19484383908278 -54.26195328276394
132.75747612093002 -54.443524927390996
52.98302887356393 -54.444784655255745
379.69504559737373 -54.68984616569247
253.68540805939762 -54.74375428380404
118.47871645280287 -54.97060291498951
254.5684585406237 -55.02829458061996
166.69660499371295 -55.03279866339995
373.5136922287913 -55.05859946910026
228.24355740218627 -55.096009306000795
125.55978163244585 -55.24498728454283
232.54218049947542 -55.251069356470666
182.17498040992078 -55.38077409230866
144.42040700504785 -55.38151215534442
307.0183248594851 -55.471435607241794
376.74599021667535 -55.47329855653593
162.69788583344396 -55.54819176323954
395.35669564176055 -55.57339112780616
327.2951632680157 -55.582070074792476
179.10929572038123 -55.6921241628209
225.24451803198454 -55.70011701770494
223.1951744623467 -55.751899465344046
350.0878624815489 -55.79241728936613
126.72607472085764 -55.79722827733914
310.2506228473692 -55.8212392090105
295.35539397536724 -55.93595463536352
58.19802511174806 -55.97914990986411
263.9654485672558 -55.98937338575686
133.6405266021561 -56.002396797378495
114.26340000468599 -56.014442848519195
65.02917034387423 -56.10425914577461
224.11154760324166 -56.27713560873844
270.5633351816996 -56.4695526627836
150.7183896824715 -56.56552575424
127.62578653191815 -56.704653580541574
352.8203205743993 -56.71919130443203
216.19741593187598 -56.78178470623627
318.9644983507887 -56.84294322930316
136.40630735467545 -56.96036965406528
304.4024960754758 -56.97729029360051
235.25797726249144 -57.10190564854628
171.09519607000883 -57.174395405259666
188.2230431398276 -57.30506177405755
282.44286335366536 -57.46938960274968
296.40505775493784 -57.482627282740154
202.3351895096102 -57.499112261450236
140.0884612480898 -57.50580227014089
305.90201576057666 -57.576829335833494
203.83470919471105 -57.69811481235006
350.9542516329405 -57.71486649213598
355.35284270923637 -57.82545590617353
205.00100228312286 -57.916398455226826
245.03817787531597 -57.9496870663298
161.8148353522179 -57.980169091565045
176.71006422421985 -58.033976131677946
321.51368181546013 -58.11378359512802
186.10705425085195 -58.40136044314864
185.0240678116124 -58.5900983595849
357.8687035142389 -58.62274903231068
141.08814103815703 -58.66588342303491
199.05290753222275 -58.71820973071263
392.0410910047042 -58.81740928587193
346.4556925776379 -58.82161076972312
259.166985574933 -58.86748111608986
386.00968960463183 -58.90939229461295
320.59730867456517 -59.08021427642283
331.0772851404368 -59.09421886116412
301.08689143841946 -59.11908811421378
308.5678285340893 -59.34753708780988
372.1308018525316 -59.51074846474552
397.5060071904051 -59.56291332528821
275.3451368441879 -59.739799287711875
277.39448041382576 -59.77056355304568
237.35730482163265 -59.780711808381156
396.3896980914967 -59.82879600983999
302.6363951130237 -59.83834761920845
328.9779575812956 -59.94763162433894
226.36082713089297 -59.979257732718345
375.0132119138921 -60.01411239551591
197.27014523993617 -60.01655428630236
233.80844156689392 -60.02782761812242
298.3044493560656 -60.155886980522084
391.1913631831471 -60.28368272215297
187.2067020199259 -60.343918017701725
183.92442004253846 -60.45193693205567
323.6296707044358 -60.48018572717097
261.1663451550675 -60.73487211436719
399.6719800688842 -60.77402209511259
347.9718735925732 -60.916949979560854
369.83153833537693 -61.031568600095945
250.7196913488648 -61.0993129487333
344.9228502328681 -61.98236990057181
