48.5344538077647 22.45240494714444
24.308880228468485 -15.525825895086982
72.76002738706092 -15.557597214147707
242.65560770898904 -18.788004334664468
5.464916185700934 -20.037744600192763
97.0689076155294 -25.25280460032865
145.6033614232941 -27.17521472784391
311.2669639672709 -31.298769968240165
91.60399142982847 -31.316518518364727
71.41045967047013 -31.47479750827131
12.196093438820377 -32.38560347918091
84.87281417670901 -32.39647694425613
37.60462143636283 -33.267073161821585
339.72451532451845 -33.76471786615312
194.12115390122435 -33.93076262994507
168.47936728599953 -35.784216591541266
19.82698250300034 -37.26632042684391
95.40277463208399 -38.45560424209478
8.713875503419477 -39.58116238157225
134.65686772205777 -39.847565218936786
30.323620298706402 -39.8835613340997
218.4300341296928 -40.10634790240463
23.242555119063425 -40.621912451311225
266.88118128828523 -40.96815238005748
15.511698075876737 -41.731243656895835
388.25896913228314 -41.87254816493594
25.625125285390357 -42.061964006537494
0.7330985127159789 -42.423184191514785
191.3387118188705 -42.451056497658065
336.35892669795874 -42.49491247945263
13.64562913441788 -42.628330475017485
10.130088539348073 -42.76304528214333
238.5735818995478 -43.375838333975686
104.48319939186146 -43.50988614493513
195.504044277484 -43.748504229770155
288.4076194343999 -44.290688088437726
148.91896606035044 -44.3488999201822
80.65749772859213 -44.89798622316058
51.85005844482106 -44.95004450505686
292.5729518930134 -45.28034518015907
152.43450665542025 -45.36325281304202
199.58607008692528 -45.68985085144777
2.815764742022737 -45.78497132911784
112.64725101074394 -45.815338889704265
281.64311952161154 -45.83323575933278
21.859664742803737 -46.08869959973672
291.19006151675376 -46.25501113617125
32.93944908271569 -46.630682903532424
18.893948032270913 -46.714694253401554
3.8154445320899812 -46.84514826500803
383.06063422393345 -46.86581985270059
39.80391697451077 -46.926665406631265
249.50341427094966 -47.227159582751284
343.0401199615748 -47.470205117887694
77.24192511252906 -47.63323760978028
34.17238749046529 -48.067688572591805
57.24832931118418 -48.12096537643415
378.6953658073065 -48.24015591721025
120.31146273459282 -48.37707839506507
177.72640534412153 -48.53307361355801
53.93272467412782 -48.84380222818651
98.7017179393059 -48.878954023592485
88.33837078227546 -48.885508446058736
136.87282459004015 -49.160412986851696
151.0016322896572 -49.172507434563755
386.5928361488377 -49.32408356454068
121.29448119482561 -49.49457742579809
105.78278311894887 -49.504199556984894
27.474532897014758 -49.529106449565575
183.34127349833255 -49.538135634762845
109.38163036319095 -49.77654974060823
83.42327848111151 -49.92183173341874
324.69599581384085 -50.090340333340556
43.83595879444865 -50.73594157050349
73.92632047547269 -50.836356872050494
282.84273526969224 -50.86063973884359
64.02949055380698 -51.54942451033033
28.34092204840637 -51.59733306493029
69.57771338868018 -52.275174302411195
62.89652012506411 -52.381238920259534
117.14581006604655 -52.60967826006683
76.09229335395173 -52.6442937106823
380.11157884323507 -52.64902862451587
206.4338766488859 -52.781668846215666
201.55210700739084 -53.0510846027781
130.00835669824508 -53.18053359355861
248.05387857535214 -53.31143141818387
251.90264576711104 -53.36132173133828
86.93881907618132 -53.46318995384551
45.20218784087388 -53.570283004279815
161.09839816933638 -53.58780714887246
389.9251021157285 -53.75183673851186
367.7655334359046 -53.76911241931376
381.39450124048807 -53.82529607233303
345.1227861908815 -54.10162787045831
287.10803570731247 -54.14111265025546
241.48931462057726 -54.39334290703909
108.49857988196489 -54.46318599844043
259.900084087649 -54.46660879508081
384.11029800350406 -54.61540322713565
189.13941628072257 -54.620635683642696
38.687607875602346 -54.81963132491037
209.86611059478344 -54.867224131283734
315.4989417452222 -54.97966675594949
93.81994829781085 -55.316145473002734
359.8014177750356 -55.47394492593394
262.74917148934065 -55.47460841504641
85.97246194578298 -55.481542900449575
78.17495958325848 -55.49494842798186
356.95233037334395 -55.536431072343646
334.52618041616876 -55.75790971884522
122.6773715710853 -55.80828376866388
176.12691768001395 -55.884987792864116
154.31723692671358 -55.938754505450135
278.99396807793335 -55.98888951315451
138.0891016679553 -55.9985823185744
257.5008525914876 -56.10961789459179
348.9715533826404 -56.12459816734173
237.25733684262593 -56.148934642705605
67.67832178755242 -56.1989548187336
308.4345378954137 -56.381851374608964
338.55822223610664 -56.41724664273812
330.9939784912645 -56.48038010283284
79.6911405981938 -56.61880886307097
58.647881017278316 -56.62149937228779
102.45051715205805 -56.767020419216614
296.6549777024547 -56.80243894039682
166.79657297271967 -56.82612526169217
99.7513817188765 -56.951993911832325
374.76329196637533 -57.14123939657633
268.76391155957856 -57.14730454348467
89.50466387068725 -57.166904600114265
234.141668163583 -57.16822211133552
128.15894908662068 -57.18428561033846
280.41018111386194 -57.224549009805735
90.42103701158223 -57.257372572561884
125.40982966393577 -57.29942779654465
274.1621824259417 -57.33520947597473
171.69500394404918 -57.37336310588085
263.86548058824906 -57.40207133637957
180.62547673531654 -57.50511832088548
110.56458478143719 -57.560835887799186
243.82190079740082 -57.624111297462456
156.53319379469596 -57.667404588732786
50.90036264425718 -57.72085488222515
142.2710954564033 -57.79473304872019
306.9350182103128 -57.81767867078448
253.45214944171528 -58.09846584671539
65.9788661444381 -58.105934516909485
221.06252424353656 -58.16159408797751
169.89558032192812 -58.29439442352424
61.81353368582459 -58.33470612755942
36.08844042142751 -58.511224122344146
227.16057096294676 -58.608116685905976
361.31759878997093 -58.864049618552805
229.5764637889426 -58.897328129487455
396.55631138984126 -59.03861127572275
222.99523850433323 -59.06745226688958
212.198696771607 -59.10635747755623
275.6117181215392 -59.15421396379907
350.52105705724466 -59.20025692091854
126.90934934903663 -59.261330988047526
202.768384085306 -59.29043287341691
118.66199108098186 -59.379424388388166
277.6277390315081 -59.54529353834551
321.44703649612234 -59.55136163378398
164.29737349755155 -59.59319854049062
254.5018132212859 -59.70180449203091
363.9500889038147 -59.73321675598208
370.24807158123826 -59.814504729051066
300.00390499917995 -59.82760681189141
182.02502844141068 -59.875515416308595
355.2195520705607 -59.93208920249268
225.12788872314337 -59.96972419189021
214.2647016710793 -59.97679927377203
113.81354409915573 -59.99348847259273
325.6623529442392 -60.07411288602109
394.2237252130177 -60.143317957307566
322.4800389458585 -60.14883310461221
133.40726798447372 -60.34495129322736
362.7171504960651 -60.36138767337196
301.3701340456052 -60.42904146165972
304.75238400199936 -60.44751567585002
158.46590805549263 -60.455035895089416
131.37458574467033 -60.48802329863235
173.97760613136938 -60.54679696799375
309.400895025812 -60.55741773159405
186.02374760167967 -60.56187976637532
123.72703535065591 -60.696181164201505
294.8722154101681 -60.696656368019234
272.97922800769544 -60.76723885329593
147.4527690349185 -60.78711004775217
144.4370683348823 -60.80382411519397
175.02726991093996 -60.84961495887541
269.8635593286525 -60.85935525884927
163.03111243013305 -60.86819139749317
298.53770797374796 -60.88810549552204
207.61683106713213 -60.88945534492846
235.8078011470284 -60.90953014828366
157.43290560575647 -61.10716353060092
224.21151558224838 -61.1227538685709
165.83021584232134 -61.14733312008858
327.9782777912283 -61.22200442630634
204.2512424405724 -61.24479393452452
365.2663339607365 -61.2847405338934
231.8590659762628 -61.37271825263858
261.3496197832465 -61.486629672305334
371.6476232873324 -61.52472411284782
216.49731986889614 -61.54796012314328
353.1202245114195 -61.702885664657714
358.201930110928 -61.73287171979788
228.29354139168964 -61.73621578375597
197.3701132189429 -61.78609290949623
372.83057770557866 -61.789595973683255
351.7706567948287 -61.91931746166937
376.82929686584765 -62.18451630228526
256.0513168958901 -62.19965370008318
230.82606352652664 -62.229215608366026
140.62162380279233 -62.23555300222976
159.79881444224895 -62.2860237435107
319.9975008005248 -62.43391799977034
332.8767087625578 -62.43479701714106
398.4890256506379 -62.462964314575316
317.9148345712181 -62.50904032615794
284.34225495479313 -62.561844079390674
265.68156554020453 -62.59265281243078
305.71874113239767 -62.64915742073458
303.8693335207733 -63.044761116896346
271.11315906623656 -63.10076386157882
246.87092415710592 -63.26420259001613
341.59058426597727 -63.606034156218776
316.93181611098527 -63.880562067673075
399.42206012136734 -63.884738285881575
313.766163442439 -63.93731645849096
395.10677569424377 -64.26524297345755
375.7129877669392 -64.52049816995152
392.3909789312277 -64.69746334578862
346.5723218864791 -65.06063761663124
