48.5344538077647 22.420182110166383
24.308880228468485 -15.554450996064276
72.76002738706092 -15.801471824687502
242.65560770898904 -18.8358313519518
5.464916185700934 -20.221792873068193
97.0689076155294 -25.018245677392894
145.6033614232941 -27.171892249991902
311.40025460594654 -27.703812384088835
91.60399142982847 -31.60597655034697
71.44378233013904 -32.10414664213681
12.196093438820377 -32.1816757358912
84.87281417670901 -32.90851510562472
339.72451532451845 -33.49050493938936
194.12115390122435 -33.777167094131535
37.60462143636283 -33.88022256765996
19.82698250300034 -35.220945404210475
168.51268994566843 -36.508997440794104
95.40277463208399 -38.70879159238941
8.713875503419477 -38.83642501790689
23.242555119063425 -40.047542712478254
134.65686772205777 -40.130463799534915
218.4300341296928 -40.259867059586114
15.495036746042283 -40.878090539630875
30.323620298706402 -41.06589187629057
25.625125285390357 -41.34485978075859
266.88118128828523 -41.979301653412904
18.777318723429733 -42.22471350537654
388.25896913228314 -42.4448986360957
336.35892669795874 -42.832638921599575
104.48319939186146 -43.43731983170301
195.504044277484 -43.57310265013652
238.5735818995478 -43.77811106578192
191.42201846804278 -43.989777903261455
0.8330664917227034 -44.1362839743122
77.24192511252906 -44.90401518663401
13.64562913441788 -44.96506920223533
80.6741590584266 -44.999705296567946
148.91896606035044 -45.08211619701663
3.248959317718543 -45.30884906654023
292.5729518930134 -45.38472900288284
281.64311952161154 -45.53723977756224
39.80391697451077 -45.63911934243049
152.43450665542025 -45.716862350694896
291.19006151675376 -45.97824782352027
288.49092608357216 -45.982511383094895
9.746877953155629 -46.013238132672484
57.24832931118418 -46.06498519718921
199.58607008692528 -46.11993483494498
51.866719774655515 -46.155760310460316
112.64725101074394 -46.280092828415235
383.06063422393345 -46.63392119430784
7.5475824150076924 -46.698261340223155
32.93944908271569 -47.04557061580939
249.50341427094966 -47.12960700167334
378.6953658073065 -47.20508238402319
1.9493755906311259 -47.235221472872354
343.05678129140927 -47.397009080087344
120.31146273459282 -47.39913046605917
98.71837926914034 -47.95016820522981
177.72640534412153 -47.97033311299248
88.33837078227546 -48.0738782431018
64.02949055380698 -48.077053858324405
17.527718985845677 -48.518788228007764
150.98497095982276 -48.65879878003654
34.17238749046529 -48.88359024390903
386.5928361488377 -49.3701490015963
105.78278311894887 -49.68169389666989
53.93272467412782 -49.777395020408186
69.57771338868018 -49.789142452954174
109.38163036319095 -49.797208185637565
324.69599581384085 -50.16720314624123
47.35149938951846 -50.26085275449725
136.87282459004015 -50.33574945717377
27.474532897014758 -50.447580150667726
183.34127349833255 -50.50905294568543
35.02211531202245 -50.664970699409174
287.1746810266503 -50.80663738008329
117.26243937488772 -50.831100671581055
62.89652012506411 -51.31011362484332
83.42327848111151 -51.62434836855402
29.29061784897025 -51.69565203464149
74.62609632851976 -51.75173553133229
49.70074689617648 -52.21100492769104
262.8658007981818 -52.21810650239587
192.4716822476134 -52.28180936428881
76.00898670477946 -52.462421197235166
381.39450124048807 -52.555888835400616
248.05387857535214 -52.65363602549229
206.4338766488859 -53.002544349375604
130.00835669824508 -53.04606413925941
201.55210700739084 -53.051195787905755
384.2435886421797 -53.05549991332555
107.24898014438084 -53.2632281201189
44.419105338654546 -53.34709997396096
334.52618041616876 -53.430434537060044
359.9180470838768 -53.73554701082211
161.09839816933638 -53.744856419848816
93.8032869679764 -53.93170461232259
389.9251021157285 -53.9721353741839
338.5415609062722 -54.13376698010078
367.7655334359046 -54.136943062513815
138.0891016679553 -54.21659009605696
251.90264576711104 -54.55486016167035
67.3617565206978 -54.58690514699911
209.86611059478344 -54.70801310608508
348.9715533826404 -54.82672343340024
102.50050114156143 -54.99850721221291
65.9788661444381 -55.02082101630458
259.900084087649 -55.03694546522191
189.13941628072257 -55.31643302461484
315.4989417452222 -55.40884891127902
356.9689917031784 -55.72536458795006
234.141668163583 -55.76962937572879
278.99396807793335 -55.87597826484096
45.46876911822515 -55.88412669122352
87.32202966237377 -56.03248770774164
237.27399817246038 -56.11103094678668
154.31723692671358 -56.138903036817304
61.8468563454935 -56.25943288841478
38.78757585460907 -56.38092974836517
345.1227861908815 -56.414000595134205
296.6549777024547 -56.44145830912287
286.20832389625195 -56.461092762334125
122.6773715710853 -56.62782331497283
89.50466387068725 -56.758149148677404
100.08460831556559 -56.77102539732588
306.9350182103128 -56.81566419019362
310.35059082637594 -56.82578034849894
308.4345378954137 -56.839721566425304
171.69500394404918 -56.904228403995575
79.62449527885599 -56.917692601612266
41.869921873983074 -56.92174533372691
121.27781986499116 -56.971490962011465
166.79657297271967 -57.04546376349223
379.72836825704263 -57.36333968189737
219.7462791866147 -57.43745724033416
60.647240597412804 -57.44507264240053
258.25061243403803 -57.45096350906412
257.1176420052952 -57.47546290600627
108.09870796593799 -57.68707664164373
254.5018132212859 -57.9584858691903
128.14228775678623 -57.98400138281723
363.9500889038147 -58.00217888739342
169.91224165176257 -58.03554727860163
396.5729727196757 -58.1410672850591
274.14552109610725 -58.202177292726766
349.9045878533699 -58.24956704383908
110.43129414276156 -58.26197177506946
50.70042668624373 -58.28134284666896
330.9939784912645 -58.294537807833514
125.87634689930047 -58.42425222670966
263.86548058824906 -58.528483599192725
165.74690919314907 -58.65480732114736
243.82190079740082 -58.70845464404871
156.5165324648615 -58.9173496823718
214.33134699041713 -58.930194760985735
227.16057096294676 -59.04507618169007
321.2804231977778 -59.05386566744563
394.1904025533488 -59.0549701011127
164.41400280639274 -59.109829777166944
221.02920158386766 -59.132574395991504
302.6363951130237 -59.146121818094684
131.4912150535115 -59.217533615322914
115.82956500912468 -59.43788344575531
58.647881017278316 -59.55616602545791
361.3509214496398 -59.58424654361377
235.15800928348472 -59.593014820760345
142.25443412656884 -59.65305280597249
180.6088154054821 -59.67085887644243
222.29546265128616 -59.90589964538693
185.60721435581831 -60.01402744051558
309.3675723661431 -60.03125878492597
225.261179361819 -60.059297765657156
325.67901427407367 -60.07281741270574
374.7466306365409 -60.10929370257666
181.60849519554932 -60.3160985621765
256.0513168958901 -60.503749163806795
229.55980245910814 -60.510976311801606
55.39892169955977 -60.5582922203353
207.63349239696657 -60.59971226819294
320.0141621303593 -60.6038671130872
304.7690453318338 -60.63924982623298
277.61107770167365 -60.694852955181545
158.49923071516153 -60.71558032824722
202.51846413778918 -60.735548547400434
355.2195520705607 -60.749714207398405
119.11184698651213 -60.78097515316699
163.03111243013305 -60.82042313072154
317.89817324138363 -60.83722349624008
273.01255066736434 -60.84579793833547
246.1544869742244 -60.85168356034385
371.6143006276635 -60.85424057140165
212.21535810144147 -60.93266722708447
173.927622141866 -60.948415832750584
159.56555582456662 -60.95197601835846
322.31342564751395 -60.99021767627494
284.34225495479313 -61.14147968758245
333.07664472057127 -61.25656229019403
398.4390416611346 -61.44938928980406
298.5210466439135 -61.60482097164316
176.67674156455092 -61.6124147546995
372.6639644072341 -61.726013743595026
197.8366304543076 -61.79398339699002
275.6950247707114 -61.858316923914344
301.48676335444634 -61.89540227018578
143.73729248183523 -61.93188921596857
187.27334733926372 -61.98081153879186
351.7706567948287 -62.10747248866593
228.49347734970308 -62.239218136279156
369.5482957281912 -62.3257249821236
224.21151558224838 -62.32805050555364
289.5239285333083 -62.342117570487154
240.43965084100665 -62.36747067041083
294.55565014331347 -62.49857254861801
376.8126355360132 -62.49982806744536
270.979868427561 -62.5532241630714
124.26019790535844 -62.57928170541512
365.5162539082533 -62.5954451180554
323.49638006576015 -62.623511114751174
208.53320420802712 -62.706507769615506
346.5723218864791 -62.813934052681894
268.76391155957856 -62.91969646946037
200.5191045576547 -62.941530592735894
392.0077683450353 -63.0757419608631
149.98529116975553 -63.094225370644644
299.8372917008354 -63.17473614882317
328.3781497072552 -63.22076940176377
147.80265696144204 -63.330705986146505
312.4999023750205 -63.4688313549492
358.2352527705969 -63.6128232651702
140.8882050801436 -63.911581045553326
393.2407067527849 -63.935861565715356
341.59058426597727 -64.36243544628708
