48.48448559591771 26.302102472977253
24.408856150522148 -7.781945163921898
72.56011504131328 -8.510035681496431
242.40576664433223 -11.577553660027815
339.37473783616764 -14.45773309026076
145.44512612012497 -16.441923245587372
5.4149339583069604 -16.841126709334286
311.45033994656006 -16.937354472339948
334.72622529965184 -21.432879433026727
96.96064052420725 -22.642365358763403
19.76867428163449 -25.731334288282522
91.54570656590029 -26.153020239967606
84.59792976401106 -26.524632072718926
12.371041427824364 -27.351786930476734
193.92961171604267 -27.728524385491614
37.646287011675625 -28.17526028430814
71.48545891728004 -28.776151222714603
53.132998132433535 -29.030835839134895
237.7572541078164 -29.03686196577928
266.4813960897278 -29.741694457611427
43.83597305940189 -29.810999420378987
23.100941332900312 -30.486414543861542
77.20029691020093 -30.519565201125303
18.752332830998412 -30.55761339900756
218.33013719893665 -30.579383948362665
20.526765035797464 -32.898525615525976
134.61525820351105 -33.38978622386805
168.45443010911546 -33.601368692975605
234.041776345655 -33.794647738063816
73.85969919130694 -33.79626046394347
22.042946544123414 -34.52735444950993
363.4503672815632 -34.98561947836495
25.050317557890818 -35.184734694931755
315.29910839077206 -35.38260072543894
49.14260833854271 -35.50474080124641
387.85089276445717 -35.596954927896434
117.49573622763289 -35.86510347632082
74.91769398008384 -36.10938062712581
95.0695789726139 -36.223580229207236
80.71583864928637 -37.112366037716804
78.50821172782277 -37.1824054233065
238.62364354114553 -37.28971769521008
47.81803218566455 -37.29943957829577
42.861284946906636 -37.49674695237601
195.55409190353475 -37.66644181289343
331.01074753749043 -38.09773767225034
152.49287093355218 -38.208571211224246
0.9746881124952529 -38.35361837344359
292.52306309537016 -38.80689443446818
54.107686244928786 -38.99801934599906
7.914134246756327 -39.80373276924593
335.5842840653528 -39.86471396698665
281.6848645111281 -39.962979246218616
29.057368687037968 -40.18012076508535
8.380651633933542 -40.24532782164659
358.80185474504736 -40.32727588670399
21.143234440281642 -40.34753054450533
67.91160250479746 -40.55840686898043
4.648512536515821 -40.80310882934544
378.65383570296353 -40.969308780498956
52.27493936673258 -41.03418848075739
249.45351145775945 -41.108437821248344
199.34454567434963 -41.173246585270554
177.67647917349362 -41.908519927609255
324.75441614873887 -41.974081697103436
310.65059585425627 -42.105202622463175
149.243910558568 -42.1108209165949
191.46373409810596 -42.373397735222845
75.81740608392562 -42.40119801573164
102.25061446809175 -42.71529992585511
13.803916259868668 -42.81321636428356
120.26151788018352 -42.81820949355198
109.42331929594143 -42.941359538186816
0.3915413785237341 -42.952898925661025
121.2778593308196 -42.961003659079324
35.14708672322626 -42.988270851827
13.37072154320411 -43.05409460238699
34.13074527259018 -43.14178421273104
287.3747105011645 -43.2869086203286
131.48292717532118 -43.53314655552066
29.698830094406638 -43.7285218126346
70.977288191962 -43.770908747812236
384.31035902248726 -43.842268389812915
288.4327052899414 -43.88957012585363
1.7910935400553794 -43.90202733028341
6.414614073686708 -44.02947540383989
59.06443348368669 -44.09755078303014
9.54694510187658 -44.16830111956656
290.89025224024994 -44.265338017030196
140.79661358360914 -44.26855747365202
247.05427918084806 -44.340846044042614
17.81096738901582 -44.46294818140103
67.37843977659492 -44.48049072155363
14.736951034223098 -44.579037229028025
10.063446494822783 -44.59283396446849
343.1651916069825 -44.78766202903065
180.27564747348097 -44.816675637781394
3.5488644095981003 -44.91513770390066
31.614883648884486 -44.97587508493268
62.83822591924524 -45.46972325656808
344.0232503726835 -45.47990820725973
9.122081052840187 -45.599054849731864
2.8990723346012652 -45.669804016897096
50.30890180648575 -45.73508021302908
11.0464652749462 -45.78510791711316
278.51921081242557 -45.786889215446344
15.278444430053794 -45.79290049890722
243.0722200545854 -45.93677521742537
25.983352332245246 -45.956672702961534
98.35186201811074 -45.99745133532355
296.3051861985569 -46.314462815463635
206.39229048777685 -46.35076037167369
147.269542330693 -46.470118518244895
281.25166979446357 -46.474673070072306
115.41306932059175 -46.60057293750027
61.813553800981 -46.69062614329933
16.09484985761392 -46.99131271612803
104.88310543859174 -47.18837886253879
338.7082844259145 -47.22156435254889
95.985952411712 -47.24222376051836
137.88921058137973 -47.32499838555838
228.44356769952842 -47.48259044211844
385.95983121286383 -47.671190840216035
251.96104241383696 -47.75614075345495
83.15672426433859 -48.01701540341988
188.63963777215818 -48.06428037636258
101.60915306072307 -48.064501548449755
88.58831955790188 -48.104859061620864
126.50118793367876 -48.181116127873715
32.6228944318924 -48.28161455316484
378.220640986299 -48.384556861685304
16.586359247675627 -48.4141920563238
261.83288355321196 -48.528054088240815
164.34741096843035 -48.62087032241872
76.54217416757594 -48.79920280000099
11.937846711159807 -48.92262381104256
65.35408754295094 -48.95792327309479
277.23628799768824 -49.02966973030366
82.22368948998415 -49.10022141634366
367.8239677863496 -49.13193702733626
192.03021949682116 -49.14528932714928
265.681651997424 -49.20089014414564
285.475318281943 -49.27701914345187
244.23851352252842 -49.33272035113668
79.69116653102213 -49.410755128339645
45.39380790586866 -49.62532445100941
110.44799141420567 -49.70862641572912
217.03055304894298 -49.72433731853793
348.9216829380442 -49.75851229046509
39.31242053730853 -49.77976046641038
173.39451601261706 -49.897052854421496
102.91706787834491 -49.90146330636406
122.76071816863288 -49.914911126918845
165.82193913861548 -50.06570993685938
389.7502849836787 -50.15828671658867
209.91616289449047 -50.32363782898572
139.8219254711139 -50.46164195945445
213.69828599767717 -50.471311850345636
340.0328605787926 -50.56326002152553
306.8768034186977 -50.57657305692714
166.8466112568797 -50.611296320826334
83.58991898100315 -50.72632022177123
92.31212798769144 -50.78232332652274
38.5459991155174 -50.81640097602308
28.382584609156638 -50.90812162764885
26.441539051794297 -51.15141520118971
235.0997711344319 -51.226971837769895
208.89149077622622 -51.236827092121786
236.78256599532114 -51.28686982031409
86.89719402938448 -51.41297721212521
247.81236993501102 -51.53989192417754
382.19436944493344 -51.59063532151949
112.83056235586074 -51.605574745542555
89.23811163289871 -51.657624071185204
36.59662289052689 -51.74981815662568
86.37236196881011 -51.77479454102697
267.3311241878006 -51.81395618321388
271.1299086262436 -51.83506211005164
252.97738386447304 -52.062850234895144
262.7909103304509 -52.06828866647212
212.38204051242715 -52.09673120908878
26.974701779996828 -52.20026432183152
122.01095808209807 -52.267078204658254
103.37525459789396 -52.282998266826915
218.9799292739335 -52.3612740307018
241.08119049145407 -52.463958499926946
47.15157877541138 -52.6286791053962
380.29497722571193 -52.6672867247372
255.58488283208854 -52.67026595468683
106.41594828217403 -52.70418344554633
309.3426810366344 -52.71884646635474
359.9015028719651 -52.757370872304016
176.66013772285754 -52.757819328520846
31.1650275969636 -52.79051818720785
81.69052676178163 -52.81394392395713
35.6552574485443 -52.81463742687283
44.49409580202689 -52.82065094414697
40.895247386659804 -52.86483661700691
87.33038874604902 -52.888503448872875
190.13082727759965 -52.89195804026758
304.06936842800627 -52.934947544116405
59.73088689393986 -52.95459073546326
207.40863193841292 -53.02752386392837
334.05977188939863 -53.036056070272245
94.06989885723415 -53.04392980982559
263.80725178108696 -53.057820804321466
27.757784537044298 -53.109602624860116
150.0936386566408 -53.148676520349625
344.77301045921826 -53.186016693683804
364.300095379636 -53.20560455274627
49.80906174879588 -53.226741146930664
50.97535521673891 -53.268486995361194
352.553854023924 -53.344164006157314
99.80139818541137 -53.35852836928228
108.01543646678162 -53.40818816809466
219.72135869284014 -53.4121811502067
214.45637675184014 -53.42464079727578
94.62805358832118 -53.555210681224004
46.46846402990189 -53.756573295827565
282.2263579069588 -53.948286547604965
156.6915274181471 -53.97993515987497
303.2612936680743 -53.99115894510962
146.8030249435158 -54.0160557937463
85.61427121464713 -54.016858475356855
375.488182004261 -54.018081651577006
69.01125063171517 -54.138378635089275
305.8521313004335 -54.150030164212126
246.06292973309647 -54.16429486113416
215.9725582601661 -54.190247408153915
169.52075556552052 -54.19538536146661
223.62844181044932 -54.20184523958145
222.97864973545248 -54.33564539018573
330.077712763136 -54.37603701933864
41.728314149476255 -54.55025334190565
261.1914221458433 -54.59218579353688
240.41473708120088 -54.63227919913967
93.44509878512181 -54.755281149764095
337.54199095797145 -54.77463734952025
40.195471305893975 -54.82827359436853
313.99119357315027 -54.96057001643194
283.09274734028793 -54.96978543082915
151.06832676913604 -54.997402527171346
396.53144843300464 -55.295356301117494
225.31956733896672 -55.34194668222799
315.94056979814076 -55.416764860735405
298.61278113155845 -55.47905634886033
106.94911101037655 -55.48071767321104
123.78539028689713 -55.55796712089972
135.50663963972465 -55.561655843462205
90.57101845340505 -55.66611768809281
383.5356069330679 -55.746866156830144
224.26990321781798 -55.77545608552105
393.14086670834166 -55.820450207889536
270.3301645339398 -55.83276104550183
322.28853853080216 -55.89360670074546
132.26600993236863 -55.920478877045184
141.78796303136073 -55.934762561899504
101.00101432386707 -55.972188173649954
382.87748419044294 -56.01450491410362
100.50950493380536 -56.03873805400294
349.9380243886803 -56.14481834837293
275.77842116275946 -56.147010871304246
273.9540049521914 -56.15393611780286
341.19915404673566 -56.18294167662356
201.48552725478794 -56.19931954294936
256.10138422503474 -56.358887126937965
379.21199043405056 -56.427039212237595
153.50921238418826 -56.44364542377048
111.56430087637972 -56.53589156606788
358.15206267005055 -56.58678779066722
105.90777755685599 -56.64085935476417
128.43390282341295 -56.719869736417024
332.0270889881265 -56.73303465044942
295.02226338381956 -56.77682142612702
63.62963934392087 -56.81757593286735
289.02418269154106 -56.886827736357354
362.80057520656635 -56.89922512433183
319.9476209272879 -56.97772373733168
116.72098413821358 -56.99019875589411
125.07664376926263 -57.000774221273026
192.50506755162652 -57.03220524774923
147.94432640857434 -57.0576320437072
119.62838714044301 -57.05847927882096
137.11445849196042 -57.067534695632816
370.8396694677452 -57.1122436456026
231.15936534631007 -57.22547933357424
57.3483159522848 -57.23177377333004
397.3395231929366 -57.24042616541862
58.114737374075936 -57.258094025802414
175.4771829196582 -57.26067857040247
45.860325293045875 -57.268636849822904
243.76366546772306 -57.29629107992094
171.26186509980693 -57.31568387432083
153.03436432938287 -57.33803130653208
300.3455599982167 -57.4856544637419
119.1868617561503 -57.57155237593761
118.22050431128321 -57.61273714621052
167.86295270751577 -57.77121391841046
143.40411255122464 -57.793362929123184
286.2417397037341 -57.829227852827955
239.7566143385759 -57.84511978518793
268.8473056961265 -57.851089217385436
186.37369617729743 -57.85282827693436
232.9921122245063 -57.864279351811355
395.40680830320247 -57.8917292247916
321.23054374202525 -57.91044472587592
133.55726341473414 -57.94010724708928
130.20000436058382 -57.95304279279526
253.76046662152052 -57.9744450552922
220.7460308111044 -57.97492230355861
391.99123457565497 -58.03558692226471
174.12761476389554 -58.05484510773641
192.94659293591926 -58.13373449095687
64.83758615000473 -58.19599620812198
301.48686146327526 -58.23508491473276
129.43358293879268 -58.24714513710945
162.30639739953003 -58.2966652887277
386.8762046519619 -58.31793595361645
249.96168218307747 -58.333283935607135
267.7893109073496 -58.373062515001834
60.83053502085758 -58.41621026351308
174.96901219434014 -58.41923425747143
189.28109917952685 -58.448128084254655
136.14810104709332 -58.460438320204396
114.67997056931327 -58.640307736110024
144.4037926666044 -58.66212716255453
353.062024749242 -58.74145862336807
65.96222627980694 -58.80508220836333
216.43074497971514 -58.8409726360155
160.37368250979586 -58.94125628595018
353.5035501335347 -58.95174549998478
112.3223916305427 -59.167010546540496
399.2722380826708 -59.19962488328175
272.43782344386545 -59.20616748572113
144.91196339192243 -59.22189728444804
198.5781242525585 -59.254477748077726
170.82867038314237 -59.32537945226105
56.04873180229113 -59.35843753221611
372.27254429978944 -59.41908280159506
289.9155641277547 -59.440475568837336
182.25001570135598 -59.46105872882314
55.09903569268037 -59.53087108005394
342.0905354829493 -59.5561315503705
127.6674814016218 -59.686071534315374
364.7499514315569 -59.73181344153799
154.8671112075791 -59.73599847422833
139.03884271406642 -59.77407751709662
178.28461791034965 -59.78643092631577
202.30193268234805 -59.85686122533469
197.6867428163449 -59.99464957610087
172.5364572469161 -60.00820782075277
354.88644095981005 -60.084355305574924
279.46890692203635 -60.088600781320764
229.19332778606324 -60.129052530937834
329.45291269102364 -60.160593793123645
203.48488748554743 -60.19255453074055
346.9306533749129 -60.194781990890924
388.50068483945404 -60.22060331379765
184.79086932794615 -60.221679662553754
204.63451961823412 -60.23718434978079
157.94945822999998 -60.31722824623901
250.48651424365184 -60.416461460192544
194.90429982853792 -60.42934315179648
295.53876477676573 -60.44146632773329
326.1956216484113 -60.44874363640091
241.74764390170722 -60.45928258585602
260.2500567038607 -60.46468006543167
161.59829065113604 -60.53179850128504
291.65667366204104 -60.559937017353604
178.81778063855216 -60.56610421857349
354.23664888481323 -60.5724781247564
227.26061289632906 -60.59635486099578
162.8478907953607 -60.69406524054764
302.6448242635901 -60.69799628421891
366.7743036652009 -60.73709246538984
297.08826895560435 -60.886189099485875
221.27086287167876 -60.92885056190829
182.9497917821218 -60.96603994683469
210.93250434512655 -60.97448873876822
159.66557576140187 -61.026992676099134
257.9258004356028 -61.03706093343873
154.10068978578795 -61.120677231244635
389.2837675965015 -61.20930042911539
215.07284615632432 -61.24209384074154
245.0632496177167 -61.279430828548435
158.7158796517911 -61.287598202324695
398.69742201632744 -61.29178630519294
186.87353623498728 -61.3110997874905
179.79246875104744 -61.37131449318863
264.8985692403765 -61.428413520820776
294.5474153290142 -61.449440491027566
161.09845059344616 -61.45626996286717
257.0094269965047 -61.458922260118975
181.20035158020724 -61.47222189988255
275.3368957784667 -61.488872306333576
350.37121910534484 -61.49791206341692
308.8178489760601 -61.5108908964255
362.2507511431075 -61.53806089685637
328.1283365381455 -61.56128112696698
155.36695126526894 -61.562508491625145
165.1138323902215 -61.584392845264375
392.499405300973 -61.609763634526644
323.34653331957907 -61.6617130409556
372.7390616869667 -61.75466109429004
163.29774684728162 -61.75497308825587
347.5387921117689 -61.763078992627605
351.6374805848259 -61.799454498096395
183.416309169299 -61.8086839574402
268.22250562401416 -61.82883825048242
391.0165464631597 -61.86341763789532
250.96969296608538 -62.01794298539999
316.6153538760221 -62.01968152035096
221.85400960565028 -62.025257186380635
269.7470177999683 -62.10256750018308
395.84833368749514 -62.1526849488418
324.154608079511 -62.177892001016026
361.4093537126629 -62.20067540504571
312.7749160994382 -62.21850819517474
205.46758638105058 -62.27141815613817
317.3817752978132 -62.279572311297194
272.9459941691835 -62.38221961986943
297.53812500752525 -62.459092939966716
365.8079462203338 -62.50133359327907
357.21069722806794 -62.50150294427146
394.88197624262807 -62.63454413903785
317.98991403466925 -62.65123794102316
376.4295474462436 -62.70308463300166
227.7937756245316 -62.759091922000664
298.00464239470244 -62.81782884323192
374.6051312356756 -62.894944274629815
229.75981318477844 -62.95532754569595
230.22633057195563 -62.98825195145383
185.42400006768668 -63.06281891884695
231.9507787709857 -63.06405194628567
374.04697650458854 -63.12752067926207
299.36254121809327 -63.23388396379281
259.5252886202104 -63.25058162355048
307.6348941728607 -63.26847982969419
371.6060908895363 -63.36766240031105
394.05724014743976 -63.404372343952325
356.3776304652515 -63.43412123574759
325.37921622085116 -63.46621570870349
248.85370338853159 -63.4969667444588
368.9486079161518 -63.519985865147646
313.30807882764077 -63.53264311258376
381.18635866192557 -63.73513020659592
319.0479088234461 -63.759019179571226
304.6941685001186 -63.77259219009855
222.30386565757115 -63.81525806881675
369.615061326405 -63.99729674287312
293.2311698437642 -64.10740558816424
345.772690574598 -64.20029661594583
350.9460351716882 -64.37390751312734
293.7226792338259 -64.40153964933246
375.04665661996825 -64.40406810982067
200.72743650062495 -64.91287722999328
370.16488538986385 -65.03283889455274
399.8054008108733 -65.05828876701814
