48.5344538077647 23.167172017968124
24.308880228468485 -14.787259398376897
72.76002738706092 -14.892180064573123
242.65560770898904 -17.83191997751288
5.464916185700934 -19.347020614500607
145.6033614232941 -19.579864292762604
97.0689076155294 -21.891331911463464
194.12115390122435 -29.472576739791684
91.60399142982847 -30.29045076135813
311.2669639672709 -30.39082228252106
71.41045967047013 -30.94051010385211
84.87281417670901 -31.66191485587013
12.196093438820377 -31.809647224400894
37.60462143636283 -32.39495305989412
15.595004725049007 -34.97898904091197
168.47936728599953 -35.080045818002816
19.82698250300034 -36.32177283728716
339.72451532451845 -36.63348831651044
95.40277463208399 -37.27426266917652
30.323620298706402 -38.58376764393998
266.88118128828523 -38.930402567289164
134.65686772205777 -38.980303418816725
23.242555119063425 -39.220375770398526
218.4300341296928 -39.222601807679574
8.630568854247207 -39.23362878663675
0.7330985127159789 -40.093018052743396
291.19006151675376 -40.346454577381074
25.625125285390357 -40.45058631528867
13.64562913441788 -41.2243946240907
336.35892669795874 -41.508737240805694
191.3387118188705 -41.795403179579544
10.130088539348073 -41.99514186630485
238.5735818995478 -42.40337458747398
104.48319939186146 -42.47859344555228
3.248959317718543 -42.78404142842217
195.504044277484 -43.133333291154834
148.91896606035044 -43.20447822768461
288.4076194343999 -43.576769819059265
152.45116798525473 -43.80865910937079
292.5729518930134 -44.41056210195903
199.58607008692528 -44.43581890583601
51.85005844482106 -44.661164950151395
7.5475824150076924 -44.70486509058308
281.64311952161154 -44.72791493099876
18.84396404276755 -44.928357753967276
388.25896913228314 -45.02134941008065
34.17238749046529 -45.03843948521186
80.65749772859213 -45.27908856608132
112.64725101074394 -45.438592014565984
33.02275573188796 -45.674800883487606
77.24192511252906 -45.88304047635624
383.06063422393345 -45.966190667149874
249.50341427094966 -46.009958419986575
27.474532897014758 -46.02293521219558
21.859664742803737 -46.187346517073145
88.33837078227546 -46.58802741768007
64.02949055380698 -46.65648553910006
378.6953658073065 -46.69715167116997
53.93272467412782 -46.77431711100289
57.24832931118418 -47.661079190052085
120.31146273459282 -47.962550798138295
177.72640534412153 -48.31572994316767
98.7017179393059 -48.43540105894122
343.0401199615748 -48.550078673605874
386.5928361488377 -48.76606103531786
183.34127349833255 -48.86592586465805
83.42327848111151 -48.98127279911348
136.87282459004015 -49.05999932307748
43.83595879444865 -49.11564747342989
324.69599581384085 -49.43690664261372
121.29448119482561 -49.51854778692858
282.84273526969224 -49.597703075164546
105.78278311894887 -49.72689469238467
151.0016322896572 -50.37415593836116
28.34092204840637 -50.41014484553928
76.09229335395173 -50.60309981106589
39.80391697451077 -50.715179340533936
251.90264576711104 -50.736796877093894
241.48931462057726 -50.80845122325024
109.38163036319095 -50.8808484520458
36.68824829546786 -51.300485251667396
201.55210700739084 -51.32740474552912
45.13554252153607 -51.38483195346374
29.323940508639158 -51.403190887354064
380.11157884323507 -51.55772236524954
73.92632047547269 -51.608307705347364
86.93881907618132 -52.07586023714359
206.4338766488859 -52.1715331305648
62.87985879522965 -52.382661337189056
367.7655334359046 -52.41744991848678
69.57771338868018 -52.750651207158455
259.900084087649 -52.856533184803645
209.71615862627334 -52.87898809137552
161.09839816933638 -52.96386420907752
122.6773715710853 -52.99713149172544
41.88658320381752 -53.038255496528286
286.20832389625195 -53.094978948471805
384.11029800350406 -53.104937792408904
138.0891016679553 -53.255936613790624
176.12691768001395 -53.28496340790248
268.76391155957856 -53.466607853116706
102.45051715205805 -53.474008642389414
110.56458478143719 -53.831167805823
93.81994829781085 -53.885999330931504
128.30890105513078 -53.93873933147848
227.16057096294676 -53.951924608992044
345.1227861908815 -53.99841463175372
331.01063982109895 -54.06510441499674
217.5303223186323 -54.126674292433194
248.05387857535214 -54.17190796839616
348.9715533826404 -54.2193561225751
278.99396807793335 -54.22377773451408
258.25061243403803 -54.23139179241314
117.21245538538436 -54.23723683484057
189.13941628072257 -54.28723881606395
374.76329196637533 -54.31132187900027
277.6277390315081 -54.363560529220926
65.19578364221877 -54.46812966492557
171.69500394404918 -54.52392300273108
61.830195015659044 -54.90703788467955
130.00835669824508 -55.00497693592219
334.52618041616876 -55.06094335599951
107.24898014438084 -55.08463945857056
308.4345378954137 -55.120496155770276
169.89558032192812 -55.15296191360183
58.647881017278316 -55.1763044585201
389.9251021157285 -55.27420455758212
180.62547673531654 -55.34547848909214
356.95233037334395 -55.52797421896307
222.99523850433323 -55.597825713541596
381.39450124048807 -55.6749132498302
55.38226036972532 -55.75335292323024
350.52105705724466 -55.77874327010206
67.71164444722133 -55.79574686132077
156.5165324648615 -55.80784763931119
338.55822223610664 -55.904701516901945
359.8014177750356 -55.925063633351535
263.86548058824906 -55.95712297579973
99.7513817188765 -56.01783813292333
237.25733684262593 -56.0284286991531
126.30954147499628 -56.08489501254306
132.7241534612611 -56.18818315605581
355.2195520705607 -56.19032310291545
89.7045998287007 -56.234771526424765
123.77701934015927 -56.2510243613196
233.79178023705947 -56.311314794525565
280.41018111386194 -56.33044624674598
319.9975008005248 -56.39566826463561
131.32460175516695 -56.440535369379276
315.4989417452222 -56.51577188941191
60.28069134105482 -56.61913387706648
212.8151659754818 -56.682326614991055
243.82190079740082 -56.699520681950716
164.34735748705492 -56.70609947443169
332.8767087625578 -56.78987902128971
202.93499738365054 -56.93497165860397
166.79657297271967 -56.941665423181085
274.1621824259417 -56.95147925076554
262.74917148934065 -56.975267386454924
113.96349606766582 -56.97931555517699
56.31529484045475 -56.98298746392939
321.44703649612234 -57.178493046433594
296.6549777024547 -57.185706752695054
306.7017595926305 -57.24289983158029
272.97922800769544 -57.39233036987756
275.6117181215392 -57.42589767850048
224.22817691208283 -57.494686739902185
228.32686405135854 -57.53163251327564
154.40054357588585 -57.590677854581614
229.5764637889426 -57.636998081292475
253.45214944171528 -57.70569719565571
142.2710954564033 -57.89818308788752
221.06252424353656 -57.91478834646532
211.48225958872547 -57.92432823447595
300.2704862765312 -57.9537747375468
235.15800928348472 -57.998839996334006
159.79881444224895 -58.01731094701431
118.99521767767095 -58.03025442909047
366.91580561434745 -58.11418704028181
303.80268820143544 -58.25112858232203
329.6943947641771 -58.27883091675158
215.66425337717345 -58.332716394805516
115.29640245442215 -58.338449743447214
214.28136300091376 -58.41679565610023
363.9500889038147 -58.43868116188254
304.75238400199936 -58.439384773692126
376.82929686584765 -58.52774007801916
301.8699739406388 -58.56901821326926
185.55723036631494 -58.57231393161009
157.54953491459767 -58.57755277512808
225.12788872314337 -58.64448542716907
165.86353850199023 -58.67004053873403
396.55631138984126 -58.702040264697146
317.9148345712181 -58.716585704978996
371.6476232873324 -58.79534763507233
325.6623529442392 -58.842627806370835
197.35345188910844 -58.86578092918655
179.3758769977325 -58.88446072084864
147.4527690349185 -58.886512853789
208.48322021852374 -58.90883341917786
173.87763815236264 -58.97607635421183
144.4370683348823 -59.109062188232514
254.5018132212859 -59.160989829246866
244.67162861895798 -59.25481609618459
385.24326843224696 -59.30001161768917
294.8722154101681 -59.39593274945882
361.5341960778188 -59.536367270260946
305.6687571428943 -59.552805892004336
365.2663339607365 -59.56631266532455
298.1045133980522 -59.57732055662155
309.400895025812 -59.603123606687205
327.8116644928838 -59.61713124976953
265.68156554020453 -59.666871205817166
204.20125845106904 -59.70665574348277
370.18142626190047 -59.77235016521707
362.7171504960651 -59.80763788581173
269.84689799881806 -59.821003227557824
231.77575932709053 -59.95891693577724
158.882441301354 -60.09935566490061
225.9776165447005 -60.118432404391406
230.8094021966922 -60.14338925399994
200.4857818979858 -60.16811356902569
313.19967822806757 -60.200171897469716
322.9132335215543 -60.21782659318957
394.20706388318325 -60.240604518075244
319.04780499996093 -60.253682597445184
284.34225495479313 -60.3448590275028
187.22336334976035 -60.36944951931629
398.4890256506379 -60.39862607143967
271.2464497049122 -60.4570647556396
245.77127638803194 -60.5552004547649
346.67228986548577 -60.7548734401354
353.1202245114195 -61.17550681777787
341.4073096377983 -61.21283785854843
399.8719160268976 -61.299495739353475
391.9411230256975 -61.39072769051807
