48.48448559591771 24.59290907553594
24.275565468471513 -14.9669158040469
72.68507505573574 -15.55019351085559
242.40576664433223 -17.46776016971491
5.4149339583069604 -17.622159975594425
96.96064052420725 -22.639535395021287
145.44512612012497 -23.407654179886993
91.54570656590029 -28.76781199647318
12.171105404748415 -30.265194745006145
84.78953511945885 -30.830317736175704
37.646287011675625 -31.68748626999646
193.92961171604267 -31.714957389041643
311.2587345911123 -32.76580508625933
19.76867428163449 -34.4904943481452
95.0945709754984 -35.55233912686342
339.37473783616764 -35.76265255876423
134.61525820351105 -37.31767752832755
71.44380557913922 -37.57885371842907
234.041776345655 -37.81475993642463
23.292546688348096 -38.59109558631964
18.652364819460438 -38.66738461173607
25.99168299987341 -38.90187701243929
387.85089276445717 -39.909969953735974
0.20826669070411388 -40.143029410324274
70.977288191962 -40.26253098392791
218.20517718451418 -40.577298991749515
238.62364354114553 -41.281992298506765
168.4044461033465 -41.517013573263476
80.71583864928637 -41.51896774887115
8.380651633933542 -41.71206262675574
149.18559588517084 -41.88519874116029
266.6146867717784 -41.953628850166666
195.55409190353475 -42.27598336775554
331.01074753749043 -42.28597793999008
0.9663574448670884 -42.33584435959197
199.34454567434963 -42.99627598558225
152.49287093355218 -43.05415658387357
52.21662469333543 -43.17899774320366
102.25061446809175 -43.48982373062847
20.368482350862337 -43.6706276754904
292.52306309537016 -43.825552018433825
335.5842840653528 -44.11564549762429
384.1104229994113 -44.189440419014886
281.6848645111281 -44.29197561402153
139.8219254711139 -44.68828706828123
343.10687693358534 -44.740271841756176
29.83212077645727 -44.74843915349695
378.65383570296353 -44.78736342844767
25.241922913338602 -44.87889418022937
54.107686244928786 -45.033728233129544
249.45351145775945 -45.324970177110764
50.3672164798829 -45.35940660609396
2.1243202451819614 -45.60291313682791
11.179755956996832 -45.706452327076114
9.122081052840187 -45.770565847078124
14.745281701851262 -45.83888912911895
21.143234440281642 -45.92557716477211
78.30827570474682 -45.96240199167507
115.6130053436677 -45.97569636875241
177.67647917349362 -46.05854333833701
77.19196624257276 -46.23988651064004
34.12241460496202 -46.31317645108543
385.98482321574835 -46.35416003786554
147.32785700409016 -46.42899840915115
4.6568432041439864 -46.43130933473518
4.057035134916139 -46.53593179535394
120.26151788018352 -46.575117275749115
31.614883648884486 -46.7203236527831
324.75441614873887 -46.76716564736852
6.4812594147120235 -46.833545229634574
22.042946544123414 -46.90617109079549
10.305035856039554 -46.93477807351494
42.861284946906636 -47.05336745170779
59.06443348368669 -47.08973064793201
67.06187440672467 -47.20363819396144
109.42331929594143 -47.505615966357674
382.2360227830743 -47.88283394880892
3.2322990397278475 -48.10180852710483
13.237430861153477 -48.189658097784104
7.472608862463606 -48.27567717561656
283.00944066400626 -48.45981994225653
62.83822591924524 -48.583092533339055
290.89025224024994 -48.586801088534116
191.44707276284964 -48.59237638343092
180.27564747348097 -48.66701057155969
137.9641865900332 -48.92257000110286
17.61103136593987 -49.04357276659267
6.972768804773732 -49.33018661353984
379.9700811882135 -49.39516714698616
151.06832676913604 -49.43011213738421
47.518128151050625 -49.48306604819226
192.05521149970565 -49.63854759785455
98.62677404984017 -49.6645572074261
75.81740608392562 -49.68821676100415
15.503372456014237 -50.004183700117096
13.795585592240503 -50.449739599260454
285.275382258867 -50.61827939561663
244.29682819592557 -50.76206451402811
333.75153718715654 -50.87624742914198
389.7252929807942 -50.90551672711683
188.63963777215818 -50.92687205403794
206.39229048777685 -50.93743012830072
74.91769398008384 -51.18445694283985
117.49573622763289 -51.659246333816974
341.2574687201328 -51.863888291661816
106.31598027063605 -51.87290792657185
126.50118793367876 -51.87912869950693
288.3077452755189 -51.88321410309916
255.51823749106322 -52.02821995333833
88.58831955790188 -52.530903447973856
164.0308455985601 -52.61667821112513
367.8239677863496 -52.70495033022297
36.380025532194615 -52.772150051932535
352.4788780152705 -52.778489922362745
303.9943924193528 -52.79388339514437
96.00261374696834 -52.882102334640116
121.23620599267876 -52.97339113274509
73.65143250060284 -52.98503880083852
27.749453869416133 -53.064244312898005
240.52303576036704 -53.194647348405645
29.22398203960126 -53.19818514282338
277.23628799768824 -53.211588136624634
26.991363115253158 -53.236895552820094
234.92482711424046 -53.52301713953461
43.82764239177372 -53.727209736701205
212.58197653550312 -53.747668606968034
34.813860018099675 -53.75586462979167
80.10769991243036 -53.847703193512935
60.58894565964081 -53.949380453463874
39.0625005084636 -54.047421658966925
248.0289672933433 -54.25314750516646
35.372014749186704 -54.363070070337905
241.4477398670933 -54.41605240020876
249.886706174424 -54.441533869934666
177.07667110426578 -54.471731574722405
287.04981446366605 -54.48302877692555
104.4499107219272 -54.49555587977091
209.9078322268623 -54.56006019640615
59.73088689393986 -54.58421357080124
251.9527117462088 -54.669240454467946
112.83056235586074 -54.697317950082
82.22368948998415 -54.71800218389595
46.59342404432436 -54.738585447628076
108.17371915171675 -54.77847971283388
33.52260653573417 -54.8310114581144
260.9498327846265 -54.850389540297705
41.0118767334541 -54.88619758931609
67.736658484606 -54.89861698023328
253.62717593946988 -54.90134107491567
65.35408754295094 -54.92202782994701
44.40245845811708 -55.01184277317956
190.1891419509968 -55.026815879007394
348.9216829380442 -55.111454057119566
267.3311241878006 -55.250776020298495
110.13142604433541 -55.31458380619504
278.71914683550153 -55.31590117694534
275.9200425124382 -55.34994367586654
69.21951732241929 -55.38577228340318
306.8768034186977 -55.41717858747932
289.0158520239129 -55.428100514829566
156.2749940367389 -55.457341357011025
363.69195664278 -55.54415219194059
83.87316168036074 -55.59165232135664
28.582520632232587 -55.60091585065599
287.8162358854572 -55.63240979330135
45.39380790586866 -55.642272578058794
397.1979018432578 -55.64499629841307
92.30379732006327 -55.65614004812151
338.40838039130057 -55.673398742179074
85.92250591688922 -55.69934063807699
49.60079505809176 -55.72667244801065
296.3051861985569 -55.81566778967083
93.22017075916138 -55.82188166857173
395.34016296217715 -55.915139324390445
89.48803166174365 -55.97759624054165
166.8466112568797 -56.01882907422337
30.756824883183537 -56.02775663498152
372.90567503952997 -56.0286161927007
41.436740782490496 -56.02934026757509
337.4920069522025 -56.0412766244817
374.7634139206107 -56.047861900066266
42.00322618120568 -56.15302005613152
103.5085452799446 -56.18801868586937
207.0170905598892 -56.3360600528972
225.59447937069615 -56.34707503726594
318.8146501298575 -56.42148378876334
175.27724689658223 -56.45932333931672
141.7046563550791 -56.46445096566239
359.74322018703 -56.474198004470985
40.2371246440348 -56.48519598555095
131.3829591637832 -56.49050680991314
263.80725178108696 -56.51492489022155
69.9692774089541 -56.531591672424554
216.3474383034335 -56.5755353259734
262.98251568589865 -56.608285140233086
274.03731162847305 -56.64158696965662
309.45097971580054 -56.655813855434
398.91401937465974 -56.67068452418466
180.833802204568 -56.722235035226866
272.2378874207895 -56.729326542574825
86.6556046681677 -56.757162579236166
32.6228944318924 -56.8210962710512
223.8200471658971 -56.825068283536126
76.39222215026896 -56.88087972098172
252.97738386447304 -56.89404050938966
310.4006758254113 -56.93772814430789
246.17955907989077 -57.01463975478933
100.88438497707276 -57.015475944443494
87.44701809284334 -57.02262718831802
320.85566369875784 -57.10536753743255
344.99793848517874 -57.32931596358652
298.36286110271357 -57.43039660407544
94.22818154216928 -57.47568949564462
357.96045731460276 -57.481486733514394
305.83546996517714 -57.553001695948886
317.1068632660838 -57.59577606732595
63.6712926820617 -57.61570579643257
90.5793491210332 -57.839787655093254
367.29080505814704 -57.924713519770684
349.94635505630845 -57.97658989904756
232.9921122245063 -58.00402112677994
166.13017384085757 -58.00423053673882
99.5348168213101 -58.01675180158795
111.93085025201896 -58.11581781803085
38.41270843346676 -58.228667489153175
182.7165330885332 -58.254872437947995
300.2289306514224 -58.28318889534774
154.8587805399509 -58.3249714282177
393.5074160839809 -58.33427822108629
132.34098594102213 -58.47360852981509
364.300095379636 -58.6084256989843
56.77349988594144 -58.62607394978599
270.7050445772072 -58.677401243226655
119.4201204497389 -58.71130739930678
214.49803008998097 -58.71793456029596
208.69988542077843 -58.76624549331092
307.7182008491423 -58.77485447627268
331.8937983060759 -58.8092797964402
184.58260263724205 -58.8335201232476
128.60051617597622 -58.84399844289143
201.41055124613445 -58.848800111927744
93.65336547582592 -58.90888750355183
171.47013179051103 -58.95208293904178
213.69828599767717 -58.95486288475879
369.1652052744841 -58.99228744567626
371.01461348793663 -59.02139036401402
113.77192779784333 -59.13422617397154
125.08497443689079 -59.164062450942616
173.51114535941136 -59.17031785843725
167.7379926930933 -59.178147439883666
88.02183415918668 -59.1850709983074
162.2647440613892 -59.262554013426914
79.34960915826738 -59.279940700696564
186.44034151832275 -59.34378137397925
330.0360594249952 -59.34387690309899
61.813553800981 -59.349113202415936
257.5925737304762 -59.51108144992799
219.9629480540569 -59.54297371630357
146.8030249435158 -59.589671338915544
130.258319033981 -59.621890676726515
158.5492662992278 -59.66987922006293
313.31640949526894 -59.68905211668898
52.81643276256328 -59.71046443824647
259.0087872272642 -59.72500664410023
361.65927374150783 -59.77642704734802
365.4330661770664 -59.79019750939346
56.01540913177847 -59.842288081824826
210.76589099256324 -59.846134263517335
197.67008148108857 -59.88394414494639
353.07035541687014 -59.89925231368985
122.80237150677371 -59.91002113506456
243.3721240891993 -59.92063970423592
315.1658177087214 -59.9463965940532
222.06227629635438 -59.98720933214687
346.8890000367721 -59.9923554632146
81.52391340921834 -60.01216513322161
279.67717361274043 -60.0239003616018
57.83982534234651 -60.02664839874806
169.645715579943 -60.05567392299753
127.71746540739079 -60.15590855413486
231.18435734919456 -60.19140870305415
384.77687640966445 -60.208367813196354
140.78828291598097 -60.27360632680993
228.34359968799046 -60.27652762263018
354.4449155755173 -60.295130011855754
179.10935400553794 -60.32515495499953
66.17882363813922 -60.40894018869782
350.58781646367714 -60.52077780379124
264.8485852346075 -60.63079070921804
118.8786270539082 -60.67888892747708
160.39867451268034 -60.693061291347476
376.64614480457584 -60.763331744870015
143.99558995282433 -60.77060419249676
328.15332854102996 -60.788490600326156
110.88118613087023 -60.793959452558546
54.85744633146359 -60.833690120021515
116.51271744750947 -60.85000880153225
322.280207863174 -60.88873864242137
396.53144843300464 -60.90290494412546
107.24901504499049 -60.964650943578256
294.6640446758085 -60.96788054368406
387.36771404202364 -60.99234458928331
203.3515968034968 -61.0662379328366
229.2266504565759 -61.07276033209134
391.4830638503369 -61.15395242251417
125.82640385579744 -61.20693072797633
205.3676183695126 -61.22043421417249
236.76590466006482 -61.379834810436286
55.47391573594777 -61.44540437851245
301.9200561799398 -61.596653875820095
217.23048907201894 -61.68933936593155
227.45221825177686 -61.74988498932896
322.9299999381708 -61.81249300204713
135.92317302113287 -61.83012758185953
123.78539028689713 -61.837586008275764
342.0905354829493 -62.07232992338089
136.79789312209016 -62.10803613738144
247.0626098484762 -62.12405210076389
197.13691875288603 -62.167808245513264
139.26377074002687 -62.360462277706525
356.1943557774319 -62.42304420179153
277.95272541371037 -62.425428468193
340.3410952810347 -62.54845728006355
268.5890549996534 -62.56119365781533
219.17153462938128 -62.65649087970038
392.9659226881502 -62.79171639990799
182.0750716811645 -62.810997649511535
239.51502497735913 -62.84849700451235
137.36437852080536 -62.88279054455044
142.86261915539396 -62.90955375938169
198.2698895503164 -63.186308928217365
150.10196932426896 -63.233923535566056
326.2622669894366 -63.269433630628875
256.10138422503474 -63.27482574396678
269.5387511092642 -63.4409328022112
147.98597974671515 -63.469857103011314
189.26443784427053 -63.52500647472641
132.80750332819935 -63.64912211969573
165.1138323902215 -63.676755155190556
157.91613555948732 -63.777692464120925
327.20363243141924 -63.83239261438941
230.65119462099204 -64.03195903476126
138.83890669099048 -64.0529986134643
211.60728842300787 -64.07629689049834
260.2917100420015 -64.17272810136413
152.00136154349048 -64.17786960241285
155.44192727392243 -64.2473224546262
187.56498164812496 -64.33175642700756
393.9989254740426 -64.33935775642608
118.2454963141677 -64.4213112026522
347.58044544990975 -64.43190567071656
226.71911950049835 -64.43669679094849
200.47751647178 -64.51310240452868
178.54286860682274 -64.53511455113694
323.46316266637336 -64.55936785603501
196.26219865192874 -64.63466294754114
181.52524761770565 -64.7695418161954
198.91135095768507 -64.8254956508652
355.18634499442396 -64.87928743020144
385.2517244644699 -64.91622591104989
299.1709358626455 -64.950810922744
284.41732349316607 -65.03664876770215
202.79344207240976 -65.05882610177474
183.69122120102844 -65.22100375253758
222.7370603742357 -65.23065309798844
381.46960136128314 -65.27171137783141
375.488182004261 -65.30012356299683
207.9084719961028 -65.33535950478816
232.4172961581629 -65.3656174772829
254.23531467632588 -65.42462967814735
329.41125935288284 -65.54330625368794
358.61858005722775 -65.54639720530248
377.6708169228401 -65.68086257772099
273.42917289161704 -65.72619431645664
382.78584684653316 -65.73780964960942
295.25552207740816 -65.78374122607961
380.8448012891708 -65.80967881434736
174.2275827754335 -65.81384305523439
390.3917463910474 -65.83743466212553
332.8934784214556 -65.84799398414002
317.8566233526186 -66.02567137093222
262.02448890865975 -66.16796936949929
346.17256262074994 -66.17476486247585
360.4929802735648 -66.29366547569325
244.86331359464077 -66.39336149679099
388.77559687118344 -66.4905360561272
373.9136858225379 -66.53249886866922
245.4214683257278 -66.60175650208485
370.123232051723 -66.64048803772836
293.830977912992 -67.57311428422734
