48.78437375528151 23.870039014326917
24.558800175985294 -10.65541567641789
73.00994733457772 -11.746101432484679
243.9052074465731 -13.803873169617226
341.47395495713613 -16.641013763394962
310.95039870041626 -16.648450873414937
5.714836133217745 -19.52327527269199
146.35312126584452 -20.74478781600711
336.7254759543167 -22.829767270117486
97.56874751056301 -25.343885947823253
85.10607279439138 -29.41071501745103
91.85391137734527 -29.548926081106114
12.446013386337189 -29.95147790192028
44.0358947524621 -30.206676997763655
239.15672844375368 -30.233338913308557
37.35470148884602 -30.2341411115637
195.12083369129158 -30.367519865571307
53.532852758100915 -30.628180311698657
20.076902450517153 -30.842322645738665
14.99519685100866 -31.27828947201701
19.21051329912554 -31.496965194904934
71.14387839311887 -31.617938290411058
18.260817498561657 -32.08219568365609
268.1307810258693 -32.590379106349985
106.29928434381695 -32.92846166653996
219.6796338672769 -33.44085558951456
4.748479002819409 -35.58677402129044
168.69596457384742 -35.601897841129386
115.82956500912468 -35.64320179628564
77.75842633739713 -36.12321619518621
134.90678766957458 -36.59106801610374
22.992635171546613 -37.600677901998694
317.2483813778399 -37.65055429383218
7.7808410326900495 -37.866080716289986
0.3498879265235354 -37.94612486064961
82.57355065955436 -38.207953938259216
365.6995285364323 -38.71494552166077
390.2583287124176 -38.72721751729143
292.82287184053024 -41.39466879717406
191.0554692116848 -41.48314500761278
80.40757778107533 -41.76011044583543
29.307279178804706 -41.8336141864915
152.18458670790346 -41.85389948831996
203.86803185437998 -41.912640220747285
10.579944444878333 -42.33536441860656
74.80937095669876 -42.45243399217471
281.39319957409475 -42.54797357247463
360.9510495336129 -42.558001127933274
102.31722651338242 -42.93698289923534
68.26146833175831 -43.26536599766706
249.75333421846648 -43.40279388805782
288.6242167222478 -43.51379373613955
35.288696589373714 -43.715761210933714
121.41111050366679 -43.77620509132448
120.56138268210964 -43.892599841088405
286.7414864509545 -43.97075619038882
66.91190061516754 -44.058126426565984
283.05933255754013 -44.29329981673874
384.29357263168305 -44.53187665630975
200.83566982450932 -44.56861855033046
378.9452857548233 -44.599759376171725
312.4999023750205 -44.649442325380114
248.6536864493925 -44.75650531046981
147.70268898243532 -44.82142051254851
177.97632529163835 -44.860785415665426
34.422307437982106 -45.14071576292917
380.62808006810315 -45.76578559547687
51.70010647631097 -46.10991746330643
38.72093053527125 -46.15862592451001
324.4627371961585 -46.240911838404436
105.34958854325306 -46.34032826862133
342.82352267372687 -46.36584325381839
109.13171041567414 -46.50209108839357
141.6046422630251 -46.78601103414826
261.3829424429154 -47.06341381175776
62.28005092118931 -47.09814336009563
76.22558399262736 -47.135922608649956
94.76964409837474 -47.53163226444414
2.732458092850467 -47.6657190148523
377.8123153260804 -47.96571990335077
164.48064812573054 -48.323698053520786
207.58350840746323 -48.37265205814666
346.22243395995554 -48.429947982057854
98.95163788682271 -48.45240976269175
206.68379659640271 -48.665498445218766
280.2435678155174 -48.826323312850754
176.86001619272992 -49.061524099598934
63.12977874274646 -49.217736423679945
109.9814382372313 -49.30170693700021
242.55563972998232 -49.31108088514299
122.62738758158194 -49.403417975265576
367.5156134883878 -49.6311382916464
165.6969252036457 -49.91515671770221
87.28870700270485 -50.07580103875521
269.6802847004735 -50.11760541707097
251.65272581959422 -50.21411577181508
92.8202685077436 -50.42888221337001
30.506894926885398 -50.508827170296
132.5408788330821 -50.516974352953696
263.3823020230499 -50.621269380792505
36.48831233745441 -50.73718771597644
298.40441733507237 -50.87969343510243
349.22147333015727 -51.106042425643636
209.61619064726662 -51.12348121748665
131.0913431374846 -51.18083145302844
137.8391817204385 -51.34010043762419
358.935028623644 -51.53905595837431
149.26885398687398 -51.80293051810505
208.749801495875 -51.81372410745846
192.33839160893774 -51.835379127696264
166.54665302520286 -51.90267385866651
331.9769969514973 -51.951500721504836
170.5620335153063 -52.02384630028084
266.7645519794441 -52.14545474657428
88.82154934747463 -52.77151512897763
230.10962634364512 -52.79242922466998
89.85455179721079 -52.818957413226094
83.48992380044933 -52.845146362532155
329.02794157079893 -52.860476289014485
228.66009064804763 -52.927852473915834
227.59376553864257 -52.94430532995138
307.18493815782966 -53.26246218423531
214.34800832025158 -53.39544651181677
235.39126790116705 -53.459199126812535
364.3332994900071 -53.64809473941065
172.1115371899105 -53.72764572763155
140.0884612480898 -53.84793397655346
215.19773614180875 -53.85266753456121
31.773155994303906 -53.925534479328654
306.31854900643805 -53.99381775605221
40.487031497723386 -54.25228657831678
103.51684226146313 -54.26472742327886
290.65689896205123 -54.74703168778535
385.5098497095982 -54.76068520366662
272.8792600286887 -54.78818503763403
69.79431067652808 -54.79071881560058
224.4281128700963 -54.80216788343976
330.71073588407876 -54.94792150378401
157.78279353228 -55.17614856427363
111.36432861349098 -55.17892386047557
42.153164481168794 -55.27394337394524
382.677423637741 -55.37946029410879
247.50405469081517 -55.760587416602355
128.0756424374484 -55.872416524414824
47.10157944200165 -55.91690992650711
217.98017822416256 -56.03281010713138
107.96541732726236 -56.05034907722668
305.1355945881918 -56.21052908229606
252.68572826933038 -56.23059594207922
181.75844716405942 -56.44251557751354
100.30120560341348 -56.55394037710979
274.42876370329293 -56.58511479691231
59.131059582477484 -56.678819539522586
294.88887674000256 -56.945906596994654
129.32524217503246 -56.97711214155013
61.2303871416187 -57.05004677342009
126.85936535953327 -57.13245732334122
56.48190813879929 -57.22940386544957
398.98886554567156 -57.32832755630134
136.2396940563309 -57.40429160112831
65.87889816543138 -57.43953530053298
153.05097585929505 -57.46116355778261
64.76258906652296 -57.79155809920206
345.0728022013782 -57.89139871274464
318.61461042426515 -57.90290230208357
355.6194239865876 -57.967001037119104
144.67032695256466 -57.9729668911659
150.1352431382656 -58.0096177673199
213.38165118985324 -58.11722470284789
117.02918075720537 -58.13456399483806
289.6405578421495 -58.33531779766067
186.39029685803766 -58.38880447399171
297.42139887483955 -58.42874505667141
322.3967322966862 -58.61809594260743
396.22308479315217 -58.641688686009594
255.33487971300858 -58.64777899748901
350.237814450059 -58.69741941571999
216.98049843409532 -58.76573228238016
119.69499353071802 -58.85036425523244
315.5489257347256 -58.94368991559305
374.4134040398518 -59.08857285769442
339.4412727173327 -59.4314563780163
370.44800753925176 -59.44534865644244
160.1487023687725 -59.47674214754337
231.45919406023592 -59.49577748638203
123.99361662800717 -59.511642071052535
114.36336798369271 -59.51787855111036
392.4576242505656 -59.572707500306734
284.3089322951242 -59.615897962116755
180.04233019111066 -59.684244496995284
118.32876448429279 -59.684572518499316
347.33874305886394 -59.73976538054483
279.310533344788 -59.74386778190516
187.62323526578726 -59.82284282573783
397.07281261470933 -59.8579204228983
245.93788968637648 -60.02243686311622
113.4636561726322 -60.095570992991235
205.40087419914974 -60.13700916967866
372.18078584203494 -60.31115126612564
276.6613819011098 -60.36326999530823
300.3871155853724 -60.39858778954211
173.8609768225282 -60.49368766515687
226.69405372758203 -60.52085622435468
162.69788583344396 -60.813822183766064
184.35761461823427 -60.892757857175724
277.69438435084595 -60.93731502118735
257.7174498793355 -60.95198355923128
303.4528002749119 -61.021347786781405
188.52294707684777 -61.071591951851566
143.73729248183523 -61.12545026227834
387.1926440228781 -61.157125355849665
233.64182826854938 -61.16280118213367
373.063836323261 -61.309692444362355
353.3701444589363 -61.32189087003547
260.2999560036759 -61.33608778713759
236.67419029842003 -61.68133783134332
154.8503994814161 -61.87339833267314
211.11571033236748 -61.88314209218722
362.6505051767272 -61.93163580507386
375.51305180892575 -61.950396389870015
199.51942476758745 -62.034149261931965
313.86613142144574 -62.068720544320605
368.71522923646853 -62.235208922965434
265.0817576661642 -62.24402379263981
357.6854288860599 -62.3225653066803
296.40505775493784 -62.56763092979028
271.44638566292565 -62.673551165113
254.11860263509342 -62.77548192874813
394.99014638540257 -62.86338516463363
198.18651838083113 -63.14331621522996
319.94751681102144 -63.43745337084001
343.90650911296643 -63.761599933351455
