48.48448559591771 24.85716723365051
72.68507505573574 -14.862994194758366
24.275565468471513 -15.833119925747852
242.40576664433223 -16.72634965510686
5.4149339583069604 -17.41924604422437
96.96064052420725 -22.359761940805523
145.44512612012497 -23.152084329697217
91.54570656590029 -28.373644564089147
311.3170492645094 -30.62356153506067
12.17943607237658 -30.887496883179022
37.646287011675625 -31.0834446159561
193.92961171604267 -31.095101178789275
84.78953511945885 -31.56538385748928
19.76867428163449 -32.912839865769875
339.37473783616764 -33.43264027743249
71.46046691439555 -35.991505346243414
134.61525820351105 -36.58525412058231
95.06124830498574 -36.882303323846806
23.292546688348096 -37.117403223500524
234.041776345655 -37.26809215143452
25.99168299987341 -38.03257434766979
70.977288191962 -38.490218984847054
8.380651633933542 -39.071615051956734
218.20517718451418 -39.23682394552053
387.85089276445717 -39.413568313844216
168.4211074386028 -39.57207925033989
0.20826669070411388 -40.60680114434526
18.57738881080696 -40.86554384798463
80.71583864928637 -40.89562343638127
238.62364354114553 -41.05620469426389
195.55409190353475 -41.61322403481631
331.01074753749043 -41.71691500184064
152.49287093355218 -41.72428288673775
149.26057189382433 -42.19558423153171
266.6146867717784 -42.551627210940865
199.34454567434963 -42.55454954533747
52.29160070198891 -42.67061738863503
292.52306309537016 -42.79307499618712
335.5842840653528 -43.07280882531353
20.42679702425949 -43.496655698457594
281.6848645111281 -43.72275213135074
77.19196624257276 -43.96167104261068
102.25061446809175 -44.06465002749962
139.8219254711139 -44.078678830851004
343.18185294223883 -44.20841604518804
42.861284946906636 -44.507810049865896
378.65383570296353 -44.550979165464945
249.45351145775945 -44.62560843541954
384.0854309965268 -44.782296400116
1.0579947887768986 -44.86053696859864
54.107686244928786 -44.921300073739616
177.67647917349362 -44.96786495658148
78.30827570474682 -44.98217560106383
1.6911255285174047 -45.23260995589652
290.89025224024994 -45.25528645658276
115.62133601129585 -45.25638551967845
11.038134607318035 -45.33011371769637
14.745281701851262 -45.43344538682152
9.45530775796677 -45.50376763665639
4.565205860234176 -45.53564021990109
120.26151788018352 -45.541582471607505
324.75441614873887 -45.59916732935849
50.29224047122942 -45.64163182353834
29.823790108829108 -45.66349396228993
59.06443348368669 -45.77517619512191
67.06187440672467 -45.79595854165512
2.2409495919762654 -45.929662974554084
7.064406148683543 -46.16304771237023
25.341890924876576 -46.56383205752257
109.42331929594143 -46.678143655104584
21.143234440281642 -46.711237368806756
34.13074527259018 -46.82254841526376
147.25288099543667 -46.896237749196324
385.95150054523566 -47.39542561283856
3.4905497362009488 -47.425628455725224
62.83822591924524 -47.58798693771428
10.538294549628162 -47.67915079207055
6.256331388751581 -48.05388777128034
283.6842247418876 -48.131103783271904
13.162454852499996 -48.171408266363834
180.27564747348097 -48.340231838147076
191.37209675419615 -48.47392702834359
31.614883648884486 -48.77148743764113
79.99940123326422 -48.80982344008864
380.653195933723 -49.0839311325343
88.58831955790188 -49.289494979583196
137.8642185784952 -49.3042013205043
74.91769398008384 -49.395751261490354
192.021888829193 -49.69404170815119
75.81740608392562 -49.75143469861402
22.042946544123414 -49.79986789031542
206.39229048777685 -49.877864468051285
17.785975386131327 -49.88458887180489
151.06832676913604 -50.013748800904445
244.2218521872721 -50.02984337283137
16.13650319575474 -50.18833447890398
382.18603877730527 -50.22065936382237
16.794625938379742 -50.43931867538212
288.34106794603156 -50.5900380550288
98.618443382212 -50.69382333945996
333.75153718715654 -50.73610309628759
126.50118793367876 -50.81966324077684
389.75861565130685 -51.17308689683028
304.09436043089073 -51.201331550501095
32.6228944318924 -51.64628561057713
47.41816013951265 -51.69676418660068
188.63963777215818 -51.730117571616795
15.286775097681959 -51.98256797657879
255.60987483497306 -52.17561301480449
106.44927095268669 -52.382398152007376
341.18249271147937 -52.423445602207295
117.38743754846675 -52.49408815832883
277.23628799768824 -52.505429712502405
43.91927973568353 -52.51931521220527
251.9527117462088 -52.526950993640106
45.06058120074208 -52.59354353433326
352.5705153591803 -52.61577033631999
367.81563711872144 -52.73151589632664
285.17541424732906 -52.83266334250337
164.02251493093192 -52.85701795786275
104.541548065837 -53.039347171000635
92.40376533160125 -53.102515986647624
73.74306984451265 -53.22247869987152
29.182328701460435 -53.23566279629703
166.8466112568797 -53.244926325845796
176.9600417574715 -53.29217127297428
49.542480384694606 -53.35598933346887
95.90264573543035 -53.45281480389168
188.20644305549362 -53.48711401865493
98.02696598061232 -53.56061303891568
241.34777185555532 -53.62408479164617
30.89011556523417 -53.6834523728757
51.550171283082264 -53.73997710223193
234.83318977033065 -53.77837881470703
74.41785392239397 -53.870105930936404
27.374573826148726 -53.92297138781783
46.66840005297784 -53.96355130134655
67.93659450768195 -54.02009219430206
209.91616289449047 -54.07036246320695
93.4700907880063 -54.1973333934209
267.3311241878006 -54.23262777639738
287.8162358854572 -54.27050585466278
287.1164598046914 -54.2895266420586
212.58197653550312 -54.301098900957975
275.7367678246186 -54.32406917090739
131.39962049903951 -54.437491331748625
348.9216829380442 -54.51334341601925
153.06768699989553 -54.53325999747839
69.38613067498258 -54.59431353526992
87.50533276624049 -54.6128336677726
190.1141659423433 -54.73499489634065
40.86192471614714 -54.78090501495399
128.38391881764394 -54.796702566195876
289.03251335916923 -54.85083240322334
28.424237947297463 -54.8623006754357
240.5980117690205 -54.87506162257548
121.17789131928161 -55.02163809144657
273.9290129493069 -55.090305995919515
252.97738386447304 -55.12064969840646
41.728314149476255 -55.13918807004476
85.92250591688922 -55.13993509391948
260.58328340898726 -55.162438852218905
246.0296070625838 -55.245137369946804
318.40644741607747 -55.29922799860454
306.8768034186977 -55.33369198489484
263.80725178108696 -55.33907893278198
278.71081616787336 -55.34195167899443
35.047118711688285 -55.41485782261818
90.70430913545567 -55.44852341792198
364.00852201265025 -55.55551276875176
33.44763052708069 -55.584784408375874
108.44863118344618 -55.595925059544946
89.89623437552372 -55.60654378730475
110.13142604433541 -55.65762953186411
65.35408754295094 -55.67180983776052
398.4475019874825 -55.679718826923136
112.83056235586074 -55.766073954331546
156.2749940367389 -55.80134183713424
308.967800993367 -55.827652836479864
216.84727836112336 -55.840518152756346
250.0283275241028 -55.84539669012451
266.1565000522294 -55.94938720375804
45.893647963558536 -55.95251658840338
82.22368948998415 -56.01281332017837
337.5586522932278 -56.03716399980243
317.2901379539034 -56.04305139192129
164.60566166490344 -56.062037109832055
262.8325636685917 -56.075627650182184
171.1952197587816 -56.076809420021895
76.59215817334491 -56.09346200612259
374.55514722990654 -56.18364713461917
64.09615673109809 -56.230616400103884
261.06646213142085 -56.26474307095639
296.3051861985569 -56.26519804703537
103.73347330590504 -56.26812381921547
321.0555997218338 -56.27008780680762
310.4006758254113 -56.27045151043621
61.72191645707119 -56.28361378558372
272.2378874207895 -56.39193051820819
253.84377329780216 -56.4200987328124
397.3811765310774 -56.42748467899535
225.20293799217242 -56.4687109831172
104.98307345012972 -56.497221869056354
248.0289672933433 -56.55983178402604
36.06346016232436 -56.74993847691267
349.94635505630845 -56.76192413400213
224.09495919762654 -56.82769345806599
229.16000511555058 -56.90520623849005
57.5815746458734 -56.94550224676874
132.24101792948414 -56.97332616520479
344.99793848517874 -56.9810564820242
213.69828599767717 -57.0619303095047
228.36859169087495 -57.07854138750918
300.3788826687294 -57.08539064102652
59.73088689393986 -57.09488016737339
217.63036111817084 -57.112604605904494
203.45989548266292 -57.11278569953089
100.15961689342244 -57.12804933149602
332.0854036615237 -57.14937680727214
79.23297981147309 -57.14952784042841
94.61139225306485 -57.156347035389786
100.58448094245884 -57.176555760403
395.4318003060869 -57.23765097775465
306.18535800556003 -57.242168071102434
107.55724974723258 -57.2641700223997
272.81270348713286 -57.36437526322381
399.33888342369613 -57.404247280516984
146.8030249435158 -57.41904814426578
366.932586350136 -57.43021401818709
359.8015348604271 -57.50099375851431
368.7903252312167 -57.516850179434755
309.55094772733855 -57.55564924679231
165.646995118424 -57.556218861512015
371.1895575081281 -57.55850591943287
38.895887155900304 -57.58810186136196
89.21311963001422 -57.63415874910564
129.54188161795884 -57.70867567684186
214.84791813036387 -57.724045230004606
86.42234597457909 -57.84572946182766
357.9521266469746 -57.85685332459485
289.5406840844873 -57.90713212512594
39.379065878333854 -57.915262636648784
174.81906017703318 -57.92915443363597
101.8174197514272 -57.931633274415994
298.5627971257895 -57.94811066903162
316.3987565176898 -57.95244750423698
372.5557869991471 -58.097306897579834
220.32949742969615 -58.097630051693756
305.4439285866534 -58.12713128210641
40.195471305893975 -58.17141155425899
256.9594429907357 -58.25221878534624
83.98146035952688 -58.302804318126256
361.30938570112494 -58.303894232847775
60.58061499201264 -58.31945100727132
127.85075608944143 -58.351689044211696
94.0365761867215 -58.36683939891008
271.22154597015344 -58.373053682081434
140.52170155187972 -58.42566834852895
236.74091265718033 -58.44021211025515
55.72383576479271 -58.53446527474669
319.9892742654287 -58.535594480219395
208.47495739481798 -58.586283616232556
123.78539028689713 -58.70310914735577
226.144303434155 -58.77817468599246
36.654937563924044 -58.79727935176529
58.36465740292087 -58.8183789059766
111.51431687061073 -58.85185859215923
186.34870417441294 -58.86214006336553
114.07183183245725 -58.87726356241351
365.1248314748243 -58.9215746405339
101.25093435271201 -58.949607014844474
232.97545088924994 -58.96447043999137
358.4353053694081 -58.99099739622026
313.7662655471898 -59.161843338039525
122.96065419170883 -59.22375955350145
255.1266961125395 -59.24320665484649
338.30841237976256 -59.26916236952952
173.8943560703069 -59.28398139454067
184.39932794942243 -59.30680851310399
154.8837725428354 -59.352626772388284
387.32606070388283 -59.36705065712121
270.01359916406955 -59.36869215274351
167.37977398508224 -59.38001641734462
363.5753272959857 -59.38183925144522
175.34389223760755 -59.38408770722244
197.16191075577052 -59.38896714062029
183.0664211289161 -59.399936300842995
116.67933080007276 -59.43011260129055
354.71982760724677 -59.441153052104006
294.5140926585015 -59.57229460849688
182.44162105680377 -59.594408044993564
315.1658177087214 -59.609586824699306
263.3740570644224 -59.624220046444464
268.5723936643971 -59.6490433483444
251.5111863619161 -59.67678866617748
393.5740614250062 -59.68322827735801
314.73262299205686 -59.6920618203844
160.2903758335142 -59.715916623751134
64.67930346506961 -59.77501741236267
178.67615928887338 -59.803006358309005
83.04009491754428 -59.87983460344363
395.939971031405 -59.89649770644297
136.34803707016928 -59.922402138390815
158.40764494954902 -59.94380485411406
202.97671676022938 -60.00422797564108
210.9908190185237 -60.02855079069216
160.76522388831958 -60.03521122850797
258.02576844714076 -60.051178180031776
56.765169218313275 -60.08328394297117
181.47526361193667 -60.08502658103595
282.25134990984327 -60.09817742901617
81.58222808261549 -60.10314292984859
105.64119619275472 -60.11274496167004
384.77687640966445 -60.13602931015685
330.4942461445442 -60.136110094679225
111.00614614529269 -60.13957404485246
303.2696243357025 -60.14319672767602
323.4714933340015 -60.1457713371654
146.003280851212 -60.17180169699035
112.11412493983858 -60.18599748318521
124.34354501798416 -60.20580645711916
369.2735039536502 -60.27861771634258
201.50218859004426 -60.334640106917725
214.35640874030216 -60.374705127797874
169.695699585712 -60.376671072349154
122.51912880741611 -60.39222902276547
376.0046833972072 -60.52464670360732
125.24325712182592 -60.53821136635687
346.9473147101692 -60.55656446510051
61.0138097086772 -60.56992771635316
211.95717646339077 -60.59139726001462
350.81274448963757 -60.60852373401419
170.63706502769458 -60.63421773425086
326.17062964552684 -60.662532514314584
297.72139969534487 -60.69292825706881
227.20229822293192 -60.873439508854894
130.20000436058382 -60.900395770329375
353.90342217968663 -60.922224638074056
143.85396860314555 -60.92403893779089
279.58553626883065 -60.928177802442825
207.21702658296513 -60.941772052955486
119.04524040647149 -61.01753696210043
222.5038016806471 -61.02941265733165
301.7534428273765 -61.08681958738715
351.5125205704034 -61.09630190773084
162.3147280671582 -61.104689157292775
141.8212857018734 -61.11166879621177
239.99820369979267 -61.121197919023565
268.0142389333101 -61.12476863958764
393.0075760262911 -61.138170718529445
172.3698438943528 -61.140524736813255
157.799506212693 -61.173775823428
133.3823193945427 -61.23236498339954
259.46697394681325 -61.24674307595844
334.784539973049 -61.29458573514487
383.02743620774993 -61.30852775849783
366.2994556103955 -61.33501383632827
231.50092271906482 -61.37814824716515
204.6178582829778 -61.45111110248606
285.7752223165569 -61.46489446344223
55.00739834877056 -61.56119949814524
135.91484235350472 -61.67486137203249
357.4939399274256 -61.70813874028183
396.53144843300464 -61.729590324121865
308.0514275542689 -61.77154451628714
161.83154934472464 -61.83045071146609
264.49869719422463 -61.87616725432715
154.0840284505316 -61.88777374302344
353.4618967953939 -61.92276520796876
227.63549293959647 -61.95424000096697
342.0905354829493 -61.960042125374876
138.78059201759334 -61.96839825844673
327.9783845208385 -61.99119082143449
356.5692358206993 -61.99772976111691
325.64579758495245 -62.03979427420665
159.47397040595408 -62.0402750727095
193.1048756208544 -62.16114390030034
391.47473318270875 -62.18878428596779
211.44900573807274 -62.21871355009082
302.5032029139113 -62.25514497263921
172.90300662255535 -62.29543989935962
209.27470148712177 -62.34387116338409
200.19427377242243 -62.3441490320279
215.4810488701044 -62.4267092091107
329.7944700637784 -62.47407741661768
176.11864432702686 -62.48329748961902
344.2148557281312 -62.487888062842906
373.44716843536065 -62.493639622046196
328.46156324327205 -62.53735448801239
150.36855068837022 -62.57081526795886
221.4458068918702 -62.582132145014015
118.26215764942403 -62.58307675313207
135.46498630158382 -62.67209313258993
375.1799473020189 -62.68039503437308
379.16200642828153 -62.76465799607211
274.67044236821357 -62.77337275714115
265.29844128652843 -62.77428727491309
230.26798391009646 -62.81714256600319
340.43273262494455 -62.84111703944725
271.7463780307278 -62.84204197508302
194.6793718025775 -62.86996906091497
389.29209826412966 -62.98831713453688
307.601571502348 -62.999020285049546
200.9273725237009 -63.057198355501335
139.27210140765504 -63.06122147008826
322.5051358891344 -63.178291735257595
333.19338245606957 -63.22649955263273
319.3894661962009 -63.237980651171846
377.62083291707114 -63.2479715161233
196.49545734551737 -63.25421348483485
299.89570394629584 -63.26211361297569
394.62372554615496 -63.272388934245406
392.1745092634746 -63.365546786684206
315.6240044282705 -63.37958472520288
280.92677375696513 -63.39719634467155
246.9709725045664 -63.421002083446865
390.8749251134809 -63.425161688477694
171.89499583954742 -63.44863046729356
336.1674307993243 -63.49641371077454
184.9241600099968 -63.50656059488531
363.05882590303946 -63.51327253499378
142.55438445315187 -63.52901953397558
362.2007671373385 -63.55560854865592
186.9235202407563 -63.676990036244895
370.04825604306956 -63.68461000542025
280.2936430172246 -63.71914552031513
205.3426263666281 -63.740609472737106
312.8748841109762 -63.9618464308054
236.23274193186228 -64.00593522874276
262.02448890865975 -64.21069194750841
207.816834652193 -64.26627778353038
355.75283039313916 -64.30486124269949
361.7592417530458 -64.52561710464727
347.5221307765126 -64.55193755683405
235.64126453026262 -64.58528696038161
248.96200206769774 -64.64194483899858
301.19528809628946 -64.70488834474772
245.0215962795759 -64.76761046172668
357.05241454313284 -64.79116368347714
399.9220301576676 -64.80465752962681
299.10429052162016 -64.88109412698572
394.1905308294904 -64.89834384357943
232.4172961581629 -64.92174717923875
183.96613323275787 -65.02480498970407
388.56733018047936 -65.02535298168938
276.70312526948567 -65.05236378300191
329.1530086564097 -65.18279177525777
304.9357578613354 -65.51296623040521
284.6922355248955 -65.70829706363786
345.972626597674 -66.30432264086984
