48.63442178677142 22.858188643204155
24.40884820747521 -9.962821114259585
72.85999536606764 -10.664812562534651
243.15544760402267 -16.882611701160712
22.542779266016353 -17.364210764500093
74.72606430752649 -18.570371826684717
5.564884164707658 -19.870733674469612
311.13367332859525 -20.28581391703693
145.90326536031426 -23.14311001106925
340.4242911775655 -23.685512641571687
97.26884357354284 -25.398129112517882
71.29383036162895 -26.0776607455569
3.5655245845731702 -28.562168662371864
91.70395940883519 -29.975410707161895
12.296061417827103 -30.55661124282368
84.97278215571575 -30.873855258720017
168.5626739351718 -31.20786437551566
37.504653457356106 -32.06957686151455
267.38102118331886 -32.55258513006802
194.52102581725123 -32.689256649008406
218.92987402472644 -32.715385409424165
337.7918010637218 -33.42954078892661
19.343803937801173 -33.74589635529421
29.65716710532824 -37.790872111003296
134.7568357010645 -38.02440587117954
217.0638050832676 -38.511597865456544
389.0587129643369 -38.72869940028617
191.2054211801949 -39.32983911773394
95.98592117628988 -39.51919198624382
33.70587025510058 -39.92183526839177
288.4742647537377 -40.67957346495026
14.728615573657395 -41.13625337497103
78.47486352027866 -41.14621186854959
316.1987175982693 -41.36052721664632
195.4040762984773 -41.36703945035645
364.64986475686175 -41.38347419019755
269.24709012477774 -41.41931837180857
286.908099749299 -41.575166425491155
238.47361392054106 -41.850772381730756
27.04133832131895 -42.04148055072178
240.53961882001337 -42.10990683521354
116.61264751134402 -42.170959240428346
70.22750525222389 -42.20418564465822
9.29702204762537 -42.71532482586799
384.1769433228419 -42.91441224449935
7.7975023625245035 -42.94092788189033
335.3592469078915 -42.96472541094348
51.250250570780715 -43.10904559231735
16.594684515116253 -43.282552865441424
100.81770682828156 -43.477404265448534
152.33453867641353 -43.511894393981386
292.67291987202015 -43.521662208514236
80.55752974958541 -43.55853545069806
1.5495036746042283 -43.59234317604966
200.0859099819589 -43.904831914079296
281.54315154260485 -43.95658861253755
148.4357874951513 -44.678897484892616
10.463315136037155 -44.72951752293368
77.34189309153578 -44.848811700478954
0.049983989503362206 -44.970901970073555
63.54631198860781 -45.24659985030465
249.60338224995638 -45.55384464549032
378.7953337863132 -45.762860930149856
17.677670954355765 -45.85308959781046
120.41143071359954 -46.24145527925657
121.29448119482561 -46.26961452380586
55.74880962608331 -46.48778659411479
177.82637332312825 -46.547108916780765
46.00193167292768 -46.65412085654328
35.15540595069808 -46.89097485866532
245.7879377178664 -47.00123207995468
380.96130666479223 -47.27748608275825
324.6126891646686 -47.35528773388146
282.72610596085104 -47.389247899567486
67.09517524334653 -47.42887597192317
342.9568133124025 -47.67189655674539
98.80168591831261 -47.69762868253048
109.28166238418423 -47.82372576906436
82.54022799988545 -48.149820716761305
362.017374643018 -48.20874129163579
314.3326486568104 -48.23837494904263
61.013789853770795 -48.42948063088437
379.9782882045595 -48.6354432858004
106.56586562116821 -48.9422114239965
291.7898693907941 -49.069199255793244
94.91959606688482 -49.233802892178204
158.28263342731364 -49.52746232537849
123.22719545562228 -49.55793456739917
382.2942130515486 -49.76371211130174
387.77579056708396 -49.87838529318932
366.51593369832057 -49.977878341210804
285.0420308078402 -50.25839653135913
170.11217760977604 -50.36084972226837
62.09677629301031 -50.38242275746149
31.839801313641722 -50.63299928575696
28.22429273956519 -50.64742539333528
99.88467235755213 -50.78946890265825
105.16631391507407 -50.86253262186353
43.55271618726293 -50.97603231803979
359.7680951153667 -51.162158965548066
42.70298836570578 -51.21629329431224
36.521634997123314 -51.29249289293792
279.493807972967 -51.43997228250106
262.4992515418238 -51.74739701789341
206.53384462789262 -51.74983689585712
164.36401881688937 -51.92164683928116
390.32497403175546 -52.05741273585477
102.60046912056815 -52.060112125016815
221.5623641385702 -52.25155037156045
255.53481567102205 -52.50195781775573
88.92151732648136 -52.532694342499674
192.18843964042767 -52.55848679030253
141.77125556136966 -52.61344383194662
79.57451128935263 -52.678159619362724
297.35475355550176 -52.71007949421647
367.6655654568979 -52.85739704412648
137.98913368894858 -52.98063623898715
165.8135545124869 -53.064830260580926
251.80267778810432 -53.196928811908606
209.76614261577672 -53.21105018405731
40.253772880041026 -53.48195111003461
332.32688487802085 -53.614273970274525
39.1374637811326 -53.636408650461796
86.8388510971746 -53.798516145327305
58.11471846257579 -53.99651021428588
349.07152136164717 -54.02052322566195
193.25476474983273 -54.23655798561585
208.88309213455065 -54.246526372370134
87.90517620657965 -54.6094593397659
232.52551916964097 -54.69388712588967
394.60693579921013 -54.72994266823349
111.99745914720025 -54.732072635614806
131.24129510599468 -54.75498806121224
30.89010551307784 -54.782874485819825
213.8648297550524 -54.87009702887044
247.65400665932526 -54.921260046492954
272.4460654529929 -55.028771787243045
49.90068285418993 -55.237767375283624
317.3483493568466 -55.336310371034564
107.94875599742791 -55.377187513504616
352.80365924456487 -55.56238720300221
258.06733780585904 -55.66311622754612
41.42006596845281 -55.74815774729532
175.1938832092845 -55.77723100788511
143.27077524647052 -55.7793170151179
220.49603902916513 -56.04037554711499
166.69660499371295 -56.21033312711967
344.9228502328681 -56.228124373466834
307.03498618931957 -56.30978412463214
373.59699887796353 -56.367901064704704
52.73310892604712 -56.38706474894761
252.65240560966149 -56.58626866426763
263.9654485672558 -56.59256185840578
129.10864488718457 -56.66673946243233
53.59949807743873 -56.71178993276578
235.241315932657 -56.83555002664536
160.8818008814885 -56.92247684111388
386.42622285049316 -57.00503490563068
126.60944541201646 -57.08956717804026
318.83120771211304 -57.13089719464557
59.61423814767665 -57.271497804363754
155.38356203611863 -57.363348074679244
325.4957396458947 -57.37104792969952
230.7760795370233 -57.59597568499521
125.49313631310804 -57.629551253018825
328.0449231105661 -57.64213481934352
56.948425374164 -57.71619397340157
157.01637235989514 -57.74433825174983
171.99490788106934 -57.97476397710599
228.24355740218627 -58.16884894195956
295.35539397536724 -58.20290123797631
65.22910630188767 -58.56018134432389
176.9433228419022 -58.58247169053751
140.82155976080577 -58.58303824963593
265.69822687003904 -58.998117024377216
180.07565285077956 -59.07548923634639
113.6802534604801 -59.118230202838625
385.2599297620814 -59.28541755357572
331.0606238106023 -59.308771167736325
254.28521593343797 -59.34125135521564
290.47362433387224 -59.49898603083816
392.85749616659245 -59.524641594770856
179.10929572038123 -59.55657695067675
150.8683416509816 -59.613500243600576
357.88536484407337 -59.70062214868929
118.5453617721407 -59.76904712714714
355.30285871973297 -59.838124944049746
376.74599021667535 -59.90867984744449
308.8344098114406 -59.96660665573077
114.57996527154062 -60.06021079206604
304.16923745779343 -60.12121753363019
211.13237166220193 -60.122998433119314
237.60722476914947 -60.20816975203758
181.9417217922384 -60.26700996432407
306.13527437825906 -60.28071412246163
322.26344165801055 -60.294501110843264
301.4701020246119 -60.316491867840305
274.7953129596509 -60.442280140433944
137.12274453755697 -60.451225371071416
197.15351593109497 -60.46229836402565
321.3803911767845 -60.465773185153886
259.95006807715237 -60.47705424050748
374.61333999786524 -60.543106557056056
224.99459808446773 -60.638869643674276
399.68864139871863 -60.66921424087811
233.6751509282183 -60.68257716696369
372.04749520335935 -60.73422994022923
396.37303676166226 -60.779128563674874
226.5607630889064 -60.8705441367165
350.9875742926094 -60.87408360718291
347.3220817290295 -61.170928700565206
144.30377769620668 -61.27247669520147
350.0878624815489 -61.289817438650324
185.19068110995696 -61.30838110101846
397.2727485727228 -61.391159586674746
345.9725140124387 -61.4264441683627
319.747580853008 -61.478808214111304
188.97280298237803 -61.720894606913895
203.30154664000852 -61.74334686509233
398.4057190014657 -61.81369692889993
199.18619817089836 -61.85500974152993
183.541209456346 -62.04806711931687
299.5040651041463 -62.184881957743734
205.15095425163292 -62.192819304243805
186.72352345472675 -62.24896405849907
368.9651491839853 -62.279970989662424
302.3698138356724 -62.310988982231926
201.73538163556984 -62.460014084484975
369.8481996652114 -62.48955861853639
354.21987228049346 -62.736891893876624
139.10544278785702 -62.771265863139725
360.8844042142751 -62.93787768578244
334.0096791913007 -63.10777982493331
329.727717423846 -63.329242479364495
356.2025705307935 -63.60336309679621
393.72388531798407 -63.81624992078057
276.24484865524846 -64.20439701705614
277.36115775415686 -64.4485073301475
