48.5344538077647 22.83365131843636
24.308880228468485 -12.462482149657202
72.76002738706092 -13.55743811065912
242.65560770898904 -18.018170590984305
5.464916185700934 -20.07797730953332
145.6033614232941 -20.63505335822125
97.0689076155294 -21.997150486550137
194.12115390122435 -29.518889221309628
311.3669319462776 -30.051797936572903
12.196093438820377 -30.57145848798681
91.60399142982847 -31.160933567530122
84.85615284687456 -31.791147044513345
37.60462143636283 -33.01450506813464
15.595004725049007 -33.428402628831286
8.630568854247207 -34.552160233617656
71.44378233013904 -34.56167371596378
19.82698250300034 -34.79968119575859
266.88118128828523 -37.20407829698934
339.72451532451845 -37.389783484492824
218.4300341296928 -37.49677401652254
168.49602861583398 -37.76960968487799
95.40277463208399 -38.52393393822288
134.65686772205777 -39.17883762203522
30.323620298706402 -40.00795113453261
25.558479966052538 -40.915519025506484
23.242555119063425 -41.09614337742314
291.19006151675376 -41.23657284976039
0.13329063867563254 -42.53384328705578
336.35892669795874 -42.60426028623635
39.80391697451077 -42.644880302543726
104.48319939186146 -42.734717192589606
388.25896913228314 -42.89083220001548
238.5735818995478 -43.114133331198076
18.79398005326419 -43.232586014124365
195.504044277484 -43.30743983050126
191.40535713820833 -43.6525326339182
80.65749772859213 -43.90599919931834
152.43450665542025 -44.05342143704373
77.24192511252906 -44.249121760046044
13.64562913441788 -44.27974765201167
57.24832931118418 -44.540853741361886
64.02949055380698 -44.851416852307715
199.58607008692528 -44.85617993140265
148.91896606035044 -44.99788752278657
112.64725101074394 -45.086015538804965
292.5729518930134 -45.24949454503143
10.996477690739685 -45.29936164517879
7.3809691166631515 -45.39005362451633
16.84460446263306 -45.94702149340304
249.50341427094966 -46.01646784817432
3.1823139983807267 -46.043507972018965
288.4742647537377 -46.14325357038001
51.85005844482106 -46.34308043082339
383.06063422393345 -46.361320353404345
27.474532897014758 -46.38402362360827
33.03941706172242 -46.660028917089356
105.6994764697766 -46.7278468664871
53.93272467412782 -46.87203696498471
343.0401199615748 -46.96760271586113
120.31146273459282 -47.01717340619254
177.72640534412153 -47.076403769777755
43.83595879444865 -47.44806173395428
88.4383387612822 -47.63263771546343
386.5928361488377 -47.92090133592006
34.17238749046529 -48.14231418506205
74.00962712464496 -48.56249984125953
109.38163036319095 -49.184114053764745
183.34127349833255 -49.346843183340354
338.4749155869344 -50.03429093785613
324.7126571436753 -50.03710750846536
47.28485407018064 -50.22188376104346
151.0016322896572 -50.60726261837411
31.306638758939194 -50.730323724468995
83.42327848111151 -50.83515147411181
121.31114252466007 -50.90962679990821
78.30825022193412 -51.0853862835869
287.15801969681587 -51.20835305921358
62.87985879522965 -51.49574242201452
107.23231881454637 -51.64063776126878
166.79657297271967 -51.71743905574942
241.406007971405 -51.76807147074071
137.08942187788807 -51.81027605631577
41.05351671209482 -52.02081963826935
251.90264576711104 -52.05110081859836
201.55210700739084 -52.094261865320064
28.67414864509545 -52.190650730670384
348.9715533826404 -52.19081590946634
281.64311952161154 -52.19762617974908
384.19360465267636 -52.28998265908287
49.784053545348755 -52.332918231640804
38.80423718444352 -52.34739610111761
206.4338766488859 -52.43546224673889
110.5979074411061 -52.51041867304789
308.41787656557926 -52.78912956774518
306.7850662418027 -52.81506803229053
45.13554252153607 -52.847274344993025
46.218528960775586 -53.02494212787094
378.6953658073065 -53.06217837631489
42.10318049166543 -53.132170814355526
262.84913946834735 -53.23622725792782
381.4111625703225 -53.3351098279265
202.93499738365054 -53.44768360346976
117.27910070472218 -53.561553419171034
315.4989417452222 -53.61293942688147
138.0891016679553 -53.61714304635811
102.4338558222236 -53.70484988887726
75.70908276775928 -53.75692595241159
98.7017179393059 -53.814187657504
367.7655334359046 -53.82438490861078
227.16057096294676 -53.866736864603126
86.07242992478972 -53.97311043887734
209.71615862627334 -54.03200537705095
69.57771338868018 -54.04169091306308
36.571618986626675 -54.09433309334262
161.09839816933638 -54.19999296884598
233.94173220556956 -54.30277766632986
248.07053990518662 -54.33369418518638
334.52618041616876 -54.41541728302638
258.25061243403803 -54.517102673606445
169.91224165176257 -54.62963383467827
359.9513697435457 -54.83931109976709
87.18873902369813 -54.87643736045448
67.54503114887679 -54.935450038484895
130.09166334741735 -55.03771471497788
259.8834227578145 -55.037815946315554
356.95233037334395 -55.18317017026135
364.34996081984156 -55.249249915207244
180.642138065151 -55.253369917364445
100.40117358242021 -55.31840897000147
101.35086938298409 -55.357348705493195
253.46881077154973 -55.38462241946468
286.20832389625195 -55.54978754148101
396.5396500600068 -55.554155955563225
156.53319379469596 -55.57111894360049
278.99396807793335 -55.57439978464937
374.76329196637533 -55.62628422139397
379.7450295868771 -55.657529684462844
317.948157230887 -55.79089393966956
127.14260796671898 -55.89844577956936
79.70780192802826 -55.91615437922325
179.4091996574014 -55.93956306229737
60.09741671287582 -55.97602466124799
189.15607761055702 -55.983283518608886
389.9084407858941 -56.00914691926236
310.35059082637594 -56.023136856413
345.1227861908815 -56.03975082508383
361.284276130302 -56.08679352299299
305.90201576057666 -56.09854447020329
355.2195520705607 -56.124850565551895
92.6036712198957 -56.283179472902994
271.2797723645811 -56.32826951111617
131.4912150535115 -56.48904249251133
369.58161838786015 -56.514630955643035
192.4716822476134 -56.51470145331948
237.25733684262593 -56.59645276109502
263.86548058824906 -56.67009253601181
274.17884375577614 -56.71697675523991
68.4114203002684 -56.80348464424916
89.35471190217716 -56.907518756812614
309.4342176854809 -56.91425334048999
171.71166527388363 -56.93462485152555
319.98083947069034 -57.08660655398738
128.5921436623165 -57.125245254665096
304.7357226721649 -57.129468053397936
295.9552018494076 -57.186404396355
349.98789450254213 -57.19678153611629
185.84047297350068 -57.20497470835603
221.09584690320548 -57.2561627139458
153.50083176482534 -57.26448832917803
330.8440265227544 -57.31017215344898
391.35797648149156 -57.32761581645222
114.24673867485154 -57.38382606283038
371.66428461716686 -57.44131133283006
366.899144284513 -57.44592357021621
321.4636978259568 -57.47121187018337
275.59505679170474 -57.516090438193785
176.1435790098484 -57.54422552555923
122.66071024125084 -57.57600489272758
254.48515189145144 -57.65688102926237
55.54887366806986 -57.66845214185729
298.5710306334169 -57.694398400085106
217.18043439210876 -57.69592473987095
61.630259057645596 -57.80143312134008
124.54344051254415 -57.908887131409806
289.5239285333083 -57.938299791645576
243.9052074465731 -57.94648938866989
165.23040796828099 -57.9508041357584
141.4713516243495 -57.96759914737382
235.14134795365024 -58.005178274620086
280.41018111386194 -58.02293515014444
212.14871278210364 -58.05802372909835
65.27909029139104 -58.09285639190959
333.07664472057127 -58.116826220501345
118.67865241081633 -58.29469303342457
351.7706567948287 -58.35222505744875
197.81996912447315 -58.410596845568435
135.5899021927872 -58.5314359298618
347.37206571853284 -58.53842545601209
155.616820653801 -58.68466257367942
322.4800389458585 -58.825337778103474
184.60753456575105 -58.8906422620874
268.76391155957856 -58.93223895078154
373.7469508464736 -58.952792336791255
276.4781072729308 -59.062614444957624
219.6796338672769 -59.16315669616945
215.28104279098102 -59.16926292007663
352.770336584896 -59.19902297064927
59.23102756148421 -59.208883569989396
222.91193185516096 -59.232223732731896
328.9279735917922 -59.33075450110077
213.94813640422467 -59.385909573468524
140.33838119560662 -59.388424631979376
111.51428058200108 -59.480132860316345
230.82606352652664 -59.540721287647415
143.43738854481506 -59.66368788684497
163.0477737599675 -59.697465175120676
327.49509922602914 -59.70982594602474
246.35442293223784 -59.72246249691706
164.0641148798692 -59.844892170688134
174.49410735623744 -59.87609981031072
346.13912731078324 -59.88935848236795
393.49062670030173 -59.921167693510355
302.5864111235203 -60.04810935260135
375.6796651072703 -60.184543891825825
272.94590534802654 -60.242516163604904
269.6303007109702 -60.279098408491656
240.4229895111722 -60.3205019267492
123.61040604181473 -60.32215855254836
294.8722154101681 -60.41948595658197
303.76936554176655 -60.48432623297928
229.59312511877704 -60.55334191352288
204.95101829361948 -60.5713033046394
341.92381086266636 -60.62596690729701
341.05742171127474 -60.698462228047816
301.253504736764 -60.71393990381438
255.56813833069094 -60.722093132804744
326.2454994884451 -60.81714709718475
284.558852242641 -60.85391239536313
265.331677613681 -60.99231041273842
139.0387974685192 -61.097621965276154
313.1830168982331 -61.2761076556372
283.5425111227393 -61.50303060462717
225.27784069165344 -61.64982560663332
314.2493420076382 -61.67234153491041
385.209945772578 -61.79939838598693
147.38612371558068 -61.8670722158551
300.1371956378556 -61.92156519290292
399.7552867180564 -62.860279196969195
