48.76771242544706 24.448841205803813
24.558800175985294 -9.617000548438021
72.97662467490882 -11.169338386819936
243.85522345706974 -12.536936004724792
311.20031864793305 -13.959158611232933
341.4073096377983 -16.089722937306966
146.31979860617562 -16.97299541538736
5.698174803383291 -20.280600157336597
97.53542485089412 -22.729008884208085
336.5588626559722 -24.24294332420309
195.08751103162268 -26.511217246774052
85.08941146455692 -27.219491115311673
71.21052371245668 -27.95558665127144
91.83725004751082 -28.110307047457397
20.060241120682697 -29.10914474303876
18.96059335160873 -29.26895656285008
239.02343780507806 -29.28632262605078
12.446013386337189 -29.367391813968325
37.35470148884602 -29.657053282125506
3.9487351707656138 -30.898959669174047
43.93592677345538 -31.10062801777467
53.59949807743873 -31.22298654361101
219.64631120760797 -31.492210729040803
168.76260989318524 -32.15422394237501
23.67574969475923 -32.31757620990027
116.11280761631039 -32.33851609068216
268.0641357065315 -32.699352747004326
73.85967515613488 -33.01799072883195
22.026278041148277 -33.85650532843724
0.6164692038748005 -34.42984357251862
1.5828263342731363 -34.49712576866298
75.52580813958029 -34.761550789920214
390.17502206324536 -34.80128582287503
21.143227559922213 -34.972297356795984
137.02277655855025 -35.06244447742396
134.90678766957458 -35.27577489179087
77.82507165673495 -35.28066458836164
365.61622188726005 -36.05740142104119
7.5475824150076924 -37.22405866306605
76.3921972909719 -37.6328291588263
4.831785651991679 -37.857750207418036
317.18173605850205 -37.90740565889684
80.42423911090978 -39.19446088428013
10.846525722229599 -39.30786884906581
191.2054211801949 -40.070924717530445
152.2012480377379 -40.085545973574206
286.9914063984713 -40.69020860889391
234.55820140944437 -41.13025384503439
121.64436912134914 -41.24903973379332
67.16182056268434 -41.270504473789956
292.8062105106958 -41.4926119110207
281.39319957409475 -41.7691141722145
288.75750736092346 -41.88402734706756
35.50529387722162 -41.99850282242433
6.647870603947172 -42.12020522408694
384.52683124936544 -42.19807025011653
68.14483902291714 -42.409164505025885
360.7844362352684 -42.88988646535421
31.573220036290458 -43.01677803463769
29.390585827976974 -43.071583396636015
13.412370516735525 -43.10794658262603
62.03013097367249 -43.31399631282472
249.75333421846648 -43.57647385801656
147.73601164210422 -43.608057218703465
378.9452857548233 -43.64024396882354
120.54472135227518 -43.661018606190034
312.3499504065104 -44.01758721503876
282.6761219713477 -44.182561878914406
200.78568583500598 -44.19292907401312
109.13171041567414 -44.30048639420589
14.928551531670845 -44.32014438223607
324.4627371961585 -44.81377434586946
177.97632529163835 -45.214493215575224
34.422307437982106 -45.61290633984144
92.70363919890244 -46.079152850298655
101.48416002165972 -46.09401835443575
248.68700910906142 -46.205894088165195
380.2115468222418 -46.276341286356896
105.09966859573626 -46.29637811621392
342.82352267372687 -46.46863146900493
176.51012826620638 -46.49548160949121
110.2313581847481 -46.657567716104126
269.2304287949433 -46.92633689685855
165.46366658596335 -46.993674239916245
378.02891261392836 -47.40335900092163
51.71676780614543 -47.503919700669044
322.8132655425476 -47.52999134039988
30.340281628540858 -47.651874662545026
103.00034103659505 -47.83710084077419
280.1769224961796 -48.09985140906225
346.23909528979 -48.22391982812648
63.12977874274646 -48.33927684819394
56.66518276697828 -48.59411745739203
263.0157527666919 -48.830318537624635
44.902283903853714 -48.85183164339821
99.11825118516725 -48.8888179375457
94.78630542820919 -48.94608360895698
298.3377720157345 -49.21520287926337
207.53352441795985 -49.313008911448854
132.74081479109554 -49.35601324861234
242.43901042114115 -49.380208717395284
206.68379659640271 -49.39648633146266
208.51654287819267 -49.808725815541834
189.73922415476292 -49.91784690268295
213.66489379703896 -50.19677899976533
367.5322748182223 -50.272841112523125
38.454349257919986 -50.57166666895773
131.20797244632578 -50.57742096014935
40.23711155020657 -50.592926663596494
141.4713516243495 -50.697592413845165
247.52071602064962 -50.732471825918026
90.88755424694693 -50.78698694640232
33.45595030758377 -50.82508541186777
171.6783426142147 -50.87398523239614
251.6693871494287 -51.018860223164765
217.11378907277094 -51.123697620077905
145.3534414757773 -51.19546285235643
266.03145346672807 -51.48098535183857
230.27623964198966 -51.612914948630916
149.25219265703953 -51.629494822179325
270.08015661650046 -51.82690338544988
209.61619064726662 -51.86328586522787
87.42199764138049 -51.97019810017309
157.73280954277666 -52.04194511395832
41.353420649114994 -52.17463898335001
150.3518404261135 -52.21461553373449
306.0686290589212 -52.27909826388447
192.3217302791033 -52.28454238122053
86.07242992478972 -52.303047638087705
215.14775215230537 -52.39595732283573
225.07790473364 -52.5128179077138
45.801995714914234 -52.57935023020879
349.2048120003228 -52.662179423705425
82.40693736120981 -52.71336891105709
127.89236780926942 -52.84971316077069
117.27910070472218 -52.96353429950212
294.20576221678994 -53.0218736815672
205.61747148699766 -53.07579353692941
376.59603824816526 -53.10177425271317
166.5633143550373 -53.13275212264638
133.8071399005006 -53.19245003846938
363.58353964745663 -53.345503209821885
181.8417538132317 -53.55342406732383
218.7632607263819 -53.686080449325146
329.2445388586468 -53.71470848886016
58.364638410092596 -53.73723352755019
100.08460831556559 -53.765596786222815
104.14997279517237 -53.77465052268305
69.44442275000455 -53.89901711709673
111.24769930464981 -54.05882999177625
307.1682768279952 -54.089485685809144
140.33838119560662 -54.173608102042024
382.84403693608556 -54.2407812084284
305.08561059868845 -54.28012079342122
392.3076722820555 -54.336932105359836
59.214366231649755 -54.45481543291132
228.76005862705435 -54.48776472611441
64.9625250245364 -54.51094728891772
372.4307057895518 -54.83564080775396
119.56170289204239 -54.83765055057173
118.46205512296842 -54.94641052916919
331.7770609934839 -55.05981898472498
153.30089580681187 -55.14339290469154
252.68572826933038 -55.211240678487826
159.88212109142123 -55.27494708164803
274.0455531171005 -55.36287097616102
142.43770875474783 -55.63353379745293
264.0987392059314 -55.73202578610988
396.2397461229866 -55.76142992456275
347.15546843068495 -55.80950445352737
314.64921392366506 -55.84951202595806
221.67899344741136 -55.86564961977206
107.16567349520857 -55.877279769444414
216.23073859154488 -55.937884937050626
345.05614087154373 -56.02498668541941
330.67741322440986 -56.02761999561444
355.68606930592546 -56.03019191808815
169.91224165176257 -56.26205211332555
233.19197236301912 -56.37486367430374
113.08044558643975 -56.41428324519726
300.25382494669674 -56.55265509068913
173.0612329904744 -56.69272871826805
129.6418074418871 -56.725421234695574
162.5812565246028 -56.7328771757731
272.91258268835765 -56.76684931218371
397.33939389206057 -56.821648292059955
125.69307227112148 -56.86137950207162
210.79914506551287 -56.902628377873924
196.67033736589582 -56.95206202956239
290.4902856637067 -57.041784709422586
359.0183352728162 -57.07443500281754
186.24034488952756 -57.19384197400161
296.58833238311684 -57.28698722878994
161.4482860958599 -57.388202836582956
350.237814450059 -57.541237989313
255.81805827820776 -57.57154810422815
375.5297131387602 -57.66627489999614
257.4342072721498 -57.75416530291685
385.7431083272806 -57.774673053154295
156.06667655933126 -57.79155368135338
319.8308875021803 -57.82459605575956
231.5258393795737 -57.88692770599994
285.60851602221163 -58.00059380391243
183.99106536187625 -58.110437694492596
338.55822223610664 -58.13393566452733
313.766163442439 -58.20063643079537
154.2006076178724 -58.20592224756474
179.82573290326275 -58.22271417316995
381.8943411355217 -58.27286808775038
253.90200534724553 -58.3172918699157
182.9247402524712 -58.39195967591766
198.95293955321603 -58.4194561559482
114.080125376507 -58.594198868124906
388.3422757814554 -58.630165671145136
351.33746221913293 -58.77789455577609
143.52069519398734 -58.78898080173769
284.74212687082 -58.93224137748872
275.01191024749886 -59.0181074807783
188.30634978899988 -59.16661238209838
204.08462914222787 -59.21131015494946
227.44381357013248 -59.2187169047044
260.56653728102714 -59.433421494081
174.96062459160217 -59.456005082720566
276.24484865524846 -59.5376455387169
308.9010551307784 -59.66623505166905
197.76998513496977 -59.69169985644699
271.6129989612702 -59.70059615443995
371.5476553083257 -59.71671964462477
370.1147809425627 -59.74415382490826
362.10068129219025 -59.78000755947626
303.1195736782228 -59.80214832985751
356.552458457317 -59.97251826702882
237.15736886361918 -60.31275071560106
353.2201924904262 -60.466112914320995
393.72388531798407 -60.53658897939794
354.58642153685145 -60.71025926630285
325.89561156192156 -60.78303098097138
398.5556709699757 -61.00895128947529
258.4838710517204 -61.073361636974674
368.5152932784551 -61.08634842094563
374.14682276250056 -61.405475051698566
278.44414419339637 -61.87317394467379
