48.48446981826134 22.416456824664284
72.69338206772309 -17.14677935607681
24.275557568799577 -17.486482317467136
242.40568776147222 -19.54390669228245
5.414932196197572 -20.41995203123486
96.96893963652268 -25.467367024038726
145.453409454784 -27.820772260010028
71.44378233013904 -31.153868998231882
311.3002866269398 -31.251523534565738
91.5540074403251 -32.30699963779333
37.654605425866194 -34.02443933672624
12.162770779151469 -34.087804641469184
84.78950752753674 -34.34133811119826
193.92121794321088 -34.742798233297115
168.4127219666617 -35.11901205996048
19.776998513496977 -35.99129989723293
339.3746273979949 -37.413131480237276
25.991674541748345 -38.7019238916633
95.10287069506381 -38.84614536565162
234.04170018457629 -39.851085567490415
42.85294033421586 -40.5826581601884
134.60688373255442 -40.91860195178746
23.292539108566785 -41.248233964041894
18.6440280847541 -41.90316726899564
218.19677551201048 -42.004509361772136
191.3720344785394 -43.86981705122812
387.85909721625626 -44.000669658738694
238.62356588905115 -44.034559365914795
195.5540282669874 -44.2080859868063
0.2165972878479029 -44.21502339236389
149.16888600786726 -44.32783931424311
331.01063982109895 -44.379399394337874
266.614600010934 -44.40751284225606
290.89015757973357 -44.71739979812131
14.745276903491849 -44.84231794566755
80.70748171809551 -44.98300648953688
11.046461680243047 -45.069556849607494
2.549183464671472 -45.29318072335574
52.199946371344595 -45.42978913157464
98.63507261996808 -45.43284174967645
288.34097411506207 -45.4529714972006
22.04293937098273 -45.81565641152699
152.48449064492362 -45.846517881201386
8.380648906730396 -45.94563245002163
54.099337972472355 -45.9683797947498
292.52296790351005 -45.99058278149726
102.25058119404461 -46.104539083672314
281.69310351111494 -46.144003850407955
115.61296772127677 -46.20318191065079
335.5925055255738 -46.42112460280817
384.11029800350406 -46.679700667100406
199.33615013940846 -46.88044623045448
50.3838614193891 -47.06917365243402
77.1919411230257 -47.29989070952976
249.4534302814463 -47.711670447591466
10.096765879679165 -47.74219937261276
29.840441733507234 -47.87385897865849
6.614547944278264 -48.09110807003241
343.09010395107816 -48.133947576675304
3.6821538934143487 -48.18215609750726
177.67642135461818 -48.33215061037364
378.6453818178031 -48.43448076785071
67.06185258367762 -48.504824951994635
120.26147874508946 -48.54086320410096
283.3925591542292 -48.65252839039287
109.43161435269431 -48.880375872986036
139.82187997073854 -49.001851350523985
34.12240350096193 -49.18370961228698
17.57770297534904 -49.53106315298326
324.7626411331787 -49.60608925081606
59.06441426313967 -49.61330085302802
385.9930282747974 -50.01492399139107
380.3614987907519 -50.121722718043976
147.3361397260773 -50.171769806190646
180.275588808793 -50.56750419832184
382.24422906204524 -50.85092562405623
137.97247235911414 -50.89429598825225
31.606542695959366 -51.249095867674775
74.90933893570549 -51.380808305609946
78.30825022193412 -51.88263193991454
164.03079222020028 -51.90761498776437
82.22366273303082 -52.277007982805515
62.82987480572629 -52.346301341969884
244.3050793626 -52.39223301528307
44.702347945840266 -52.55837976793966
126.85936535953327 -52.65882334405442
206.38389265938252 -52.659107378362044
28.374244708075278 -53.208965765000904
287.091374377478 -53.30346485778259
106.29928434381695 -53.486004518936234
188.63957638568894 -53.655802323622844
236.7908196072612 -53.87030034839387
367.815517425408 -53.89019093655097
255.50149301135312 -53.957912842416874
251.9526297566144 -54.05778194848204
75.82571207660047 -54.05997493101709
389.70850482788063 -54.21667517099132
36.371683028613226 -54.31588393376859
88.58829072979228 -54.4172044543148
117.41239134339781 -54.425351029864736
303.98596282961444 -54.44032972439644
83.58989177945605 -54.7253405754164
41.020194052425914 -54.768738835240605
85.92247795627962 -54.94478141594758
151.06827760899503 -55.0167888928187
175.27718985845678 -55.06869703891777
46.58507821713357 -55.14861845565119
209.91609458428678 -55.2121136104743
65.34573561072885 -55.30183168467135
285.27528942552254 -55.34742850160333
341.2740189991227 -55.380352281008506
262.81581680867845 -55.47750693582139
166.84655696222302 -55.60977649700626
261.06637717606077 -55.62065837626735
272.24612949497947 -55.63944531209639
248.0372172455177 -55.684236849658845
359.78475644520114 -55.927298077527304
128.64212765181986 -55.92967355152819
352.4704326478758 -55.9600988916307
104.4332154023581 -56.04223939867067
108.44859589246153 -56.090851014405494
131.40790840433922 -56.10551869316118
169.69564436391468 -56.16660978792575
99.51812310119415 -56.27963278353156
121.19451321581889 -56.38075064515817
35.02211531202245 -56.46317399668707
216.2640612512138 -56.485871518172026
296.30508977593115 -56.58459652454215
93.2201404237705 -56.590877247376945
68.89459886546757 -56.603579829729476
374.79661462604423 -56.77835540829628
306.868372890975 -56.86963415457908
122.47743561307185 -56.872473309481144
257.3175779633086 -56.913143872971794
348.9215693931371 -56.91502731307505
212.58190735779945 -57.057057566711215
132.3576042049031 -57.102341254487165
337.47523579686714 -57.117573916364506
318.8811917016164 -57.13896508049701
393.5406106898051 -57.15652660652461
398.98886554567156 -57.25004582425606
89.68793849886625 -57.356711599155545
113.69691479031455 -57.4646140367731
229.37652783092915 -57.49789518413763
125.34318434459794 -57.55849626622088
60.58059527807499 -57.63340797248002
309.5508469943221 -57.70775316571368
228.37684804086192 -57.743694006869895
363.58353964745663 -57.79066661622275
240.50629616034448 -57.81532654409356
223.8449663258904 -57.99621758071689
358.018655482749 -58.1919911994211
61.93016299466577 -58.19322153734043
58.19802511174806 -58.203706921443256
130.5081965932787 -58.34373607267751
397.1727805937161 -58.436480072791966
274.06221444693495 -58.48338503881089
179.0093277413745 -58.55687589492509
320.81390596241306 -58.57682322505826
278.7273868005821 -58.59055315826728
221.74563876674918 -58.61517333326356
158.48256938532708 -58.677098575590016
277.2278671154812 -58.743017348496686
234.9414119956368 -58.82614320504914
156.03335389966233 -58.907006211690906
190.20574139012763 -58.90761248909639
298.32111068590007 -58.97453825184241
243.2887382426983 -58.98823790441531
270.613319171203 -59.18697409793189
111.88082983835906 -59.199327072224655
275.94494471822827 -59.24502358108604
259.33359887327754 -59.27048746544556
344.7895595941925 -59.2952092379056
333.70977525428054 -59.33532446485103
214.4146536395894 -59.37280447645133
253.60210141022537 -59.41510663613463
219.91289248495923 -59.48758039928473
246.20447096372774 -59.554428359666026
331.91035163215946 -59.59209373912268
263.8154965987457 -59.730585162626625
182.54152966627876 -59.732106745492786
171.52839064570463 -59.76772810335069
300.22050228702784 -59.81543797119192
173.44444357666683 -59.872949067925624
369.2317304613366 -59.917126389768704
56.06537489293794 -59.95487624366208
315.16571514853314 -59.99557012603383
112.83052563892295 -60.01742572551395
140.7049304519646 -60.03664617822912
227.49379755963582 -60.108073749194
144.2204710470344 -60.21566178468157
326.3121448077829 -60.342443123720074
184.60753456575105 -60.488566091253915
395.32337298209166 -60.535214158428374
201.33550971954296 -60.57769785395652
317.04844541982646 -60.73185878515647
371.0478154132921 -60.76985523976575
350.73765434509255 -61.06128405985385
154.91704480075393 -61.115837177681364
356.1692478711246 -61.13476625028602
208.749801495875 -61.16404812642628
231.22593544255355 -61.31413055801854
268.4973302822273 -61.31496214573772
162.18138460857588 -61.34628988376411
197.67001715596305 -61.527442095948835
313.2496622175709 -61.560258078344795
160.33197699695148 -61.6235906085708
279.76038925031827 -61.62984802934105
205.10097026212958 -61.64850540889601
136.03975809831746 -61.66523919648239
365.5162539082533 -61.66946815926577
141.70461024203183 -61.67229271362144
305.76872512190107 -61.87472141016411
294.6722794521546 -62.0412364413288
361.7174707059978 -62.186218214375934
346.8389031638303 -62.19643884770229
354.2365336103279 -62.243427396434505
186.29032887903094 -62.38232726300572
376.4794089393241 -62.38469786312128
225.67771260768035 -62.408434394920995
372.91388435475096 -62.5336271208098
203.41817594884972 -62.69035156362304
322.3300869773484 -62.89776147314816
233.15864970335022 -63.11626073096352
328.17821374924176 -63.81800123974299
391.74118706768405 -63.85430804049764
202.41849615878246 -64.31192445754142
302.13655521799006 -64.61386994516359
307.91803667054563 -64.6693440676213
