48.48448559591771 25.06288137784661
24.333880141868665 -7.505004317299094
72.63509104996676 -7.94167587650188
242.40576664433223 -14.745255642570095
5.4149339583069604 -17.517100120927484
145.44512612012497 -19.28985199034406
339.37473783616764 -22.235859427512285
96.96064052420725 -22.923542393157774
311.35037193502205 -25.242820827187288
91.54570656590029 -27.223119297849653
84.7062284431772 -27.47494976803652
12.254412081030061 -28.767954834226426
37.646287011675625 -29.60011898388127
193.92961171604267 -30.085233289259275
218.2551611902832 -30.208573228607108
266.55637209838125 -30.447909788213902
19.76867428163449 -31.795054387450666
336.82555354194926 -32.27054653336248
71.47712824965188 -32.4229773081056
21.784695847650312 -33.539780109715394
134.61525820351105 -34.656770598235106
168.43776877385915 -35.88014536637055
234.041776345655 -35.8835600824797
95.07790964024207 -36.120746621419435
23.292546688348096 -36.337687355971646
75.17594467655694 -36.41801884559508
387.85089276445717 -36.60346668271243
20.460119694772146 -38.09519572832008
18.89395418067721 -38.13021673064973
238.62364354114553 -39.277842075209584
80.71583864928637 -39.372900589097036
315.2241323821186 -39.6881660002035
42.861284946906636 -39.724494773833705
26.874733768458853 -39.83082019209481
77.19196624257276 -39.99059632167185
363.5253432902167 -40.10474639025295
195.55409190353475 -40.27666840124987
152.49287093355218 -40.446543252271105
331.01074753749043 -40.48717062206333
51.0253392225079 -40.979577743122334
199.34454567434963 -41.003982674955346
8.380651633933542 -41.00469746099542
239.86491301774203 -41.174101642037954
149.21058788805536 -41.22776184937718
102.25061446809175 -41.28075695445013
70.0859067557484 -41.39235272115868
292.52306309537016 -41.44511355875869
54.107686244928786 -41.70068424073844
2.5408536265901893 -41.776464891742094
52.24994736384809 -41.89552703384826
335.5842840653528 -42.00770240510272
281.69319517875624 -42.331361672394195
21.143234440281642 -42.41117442572154
378.65383570296353 -42.654932874542226
0.3915413785237341 -43.02150335523516
249.45351145775945 -43.22769094136712
120.26151788018352 -43.642271760999854
177.67647917349362 -43.799523229984835
25.99168299987341 -44.09912783882286
70.977288191962 -44.30741955588221
59.06443348368669 -44.32130122018279
343.14019960409803 -44.34616504022156
324.75441614873887 -44.58066045454049
78.07501701115821 -44.60790341914046
109.42331929594143 -44.85565351507077
29.77380610306012 -44.88622282768667
384.1020923317831 -44.890740325879335
9.580267772389238 -44.99194251742848
117.42076021897941 -45.185737733313466
45.935301301699354 -45.24580592570482
290.89025224024994 -45.27137975238526
1.6328108551202527 -45.27138375199245
34.13074527259018 -45.322106814635085
31.614883648884486 -45.37900360181487
115.48804532924522 -45.39323086363064
50.3422244769984 -45.45780528524361
75.81740608392562 -45.58262109411343
244.95495093855058 -45.64496412056172
11.487990659238921 -45.95396629049787
191.43874209522147 -45.97051238891322
180.27564747348097 -46.0629082726056
3.765461767930379 -46.35219166422126
283.15939268131325 -46.44051906691954
121.1112459782563 -46.453011973309884
147.30286500120567 -46.564796419274764
10.355019861808541 -46.938227053175616
9.122081052840187 -47.07138593886888
25.158616237056957 -47.11444987289597
13.37072154320411 -47.16766830257159
385.968161880492 -47.17034092290148
287.19976648097304 -47.27377041909214
22.51779459892879 -47.31902498358007
13.820577595124997 -47.33095136920728
4.748480548053796 -47.39180196090427
288.3660599489161 -47.6510200529818
380.1200332055205 -47.727319197642544
169.595731574174 -47.76902301223085
62.83822591924524 -47.88215176850733
360.97615899599833 -48.022332003224456
17.661015371708856 -48.119796339902926
67.18683442114714 -48.265458700071555
94.23651220979745 -48.339757388453044
206.18402379707274 -48.390547068422386
137.93086391952053 -48.64895543563879
17.052876634852844 -48.64896048751564
278.63584015921987 -48.85205693791037
16.169825866267402 -49.0995733795871
382.21936144781796 -49.22495267326722
14.50369234063449 -49.24138179729178
12.887542820770566 -49.24644725498899
99.50149415079744 -49.32638613753911
188.63963777215818 -49.33191277239229
312.67494808790025 -49.41769280909235
126.50118793367876 -49.47519150870289
192.04688083207748 -49.69386608704369
389.7336236484224 -49.78508661991475
296.3051861985569 -49.814467003508106
104.94975077961706 -50.05384278219478
98.51014470304587 -50.205923268821316
367.8239677863496 -50.2709417894965
88.97986093642561 -50.37461549928349
45.39380790586866 -50.66729949124484
139.63865078329428 -50.72619940047784
44.144207761643976 -50.897988864306875
241.6809985606819 -50.95759516465322
244.2635055254129 -51.06237719598361
43.48608501901898 -51.13159940006128
285.2420595883544 -51.29302098972901
209.91616289449047 -51.297581840541646
341.91559146275785 -51.3317620687671
80.06604657428954 -51.578369954883215
74.44284592527846 -51.635383000489696
255.55156016157588 -51.72080077568304
59.73088689393986 -51.87238545561266
34.813860018099675 -51.905541216707924
352.51220068578317 -52.10952428686795
32.63122509952056 -52.115602957094836
251.96104241383696 -52.209551530153895
287.8162358854572 -52.263676633426236
166.8466112568797 -52.3180916291214
341.23247671724835 -52.39167875573684
277.23628799768824 -52.39296057018953
32.13138504183069 -52.473456152758786
240.54802776325153 -52.58048166867993
220.80434548450154 -52.69702724843379
261.1164461371898 -52.70010845397761
348.9216829380442 -52.81734849049948
104.48323339243984 -52.831172365533604
252.97738386447304 -52.92260696559043
177.03501776612495 -53.012300561595445
131.44960450480852 -53.04893844440272
248.0289672933433 -53.0624297995661
106.36596427640504 -53.11616585044866
40.195471305893975 -53.28865334665202
304.0277150898654 -53.34092193598818
234.8915044437278 -53.395075010412405
108.45696185107434 -53.6335153150705
333.75153718715654 -53.66581887613665
164.15580561298256 -53.669300222113215
92.21215997615346 -53.85306823212212
67.74498915223415 -53.878299833036635
87.38037275181802 -53.95534666695812
142.89594182590662 -53.961031559071785
190.1641499481123 -53.969709037613256
36.69659090206486 -53.97111952058935
53.008038118011065 -53.98325287123473
151.06832676913604 -54.00796762143367
236.78256599532114 -54.02844251787499
112.83056235586074 -54.03784412590934
30.781816886068032 -54.133386832526696
118.21217364365503 -54.14609133514217
97.66874727260124 -54.18521572606971
267.3311241878006 -54.23326221855905
156.2749940367389 -54.261280990115985
40.96189272768512 -54.3480942830362
46.62674671483701 -54.43251888803106
275.8533971714129 -54.44642614815021
228.41024502901578 -54.62244620419429
100.72610229213764 -54.66940828496822
110.25638605875788 -54.67283587812195
65.34575687532276 -54.750177037215906
38.57099111840189 -54.750764727608725
213.69828599767717 -54.79865357166529
93.20350942390505 -54.85069940208808
152.97604965598572 -54.86289844845468
36.04679882706803 -54.875678447216806
122.48580613690345 -54.954513716730936
344.77301045921826 -55.10952383305017
359.8348575309398 -55.16736413827971
86.93051669989713 -55.261735790211425
28.190979253708853 -55.26274812457598
309.4176570452879 -55.31199981560557
82.22368948998415 -55.33129119561852
41.436740782490496 -55.48594766654181
119.51175779364871 -55.54079648134064
215.71430756369298 -55.55259696413239
364.300095379636 -55.555185582274554
310.4006758254113 -55.58866206166653
79.05803579128163 -55.644815371236895
273.9956582903322 -55.67269112633755
397.2645471842831 -55.68246264900305
223.9616685155759 -55.7275090997926
127.10099600290661 -55.73752607856147
128.52554016732276 -55.79614910420984
47.318192127974676 -55.81565526864761
306.8768034186977 -55.971922549344576
180.7588261959145 -56.02037553046197
68.94460529068986 -56.04848093886029
223.461828457886 -56.14363033455158
358.07708666139706 -56.25567486184437
87.87188214187972 -56.264868319595784
86.34736996592561 -56.26731945373036
289.02418269154106 -56.275809211298046
61.88852980963448 -56.302538547428924
263.80725178108696 -56.34746448518359
107.9487911257563 -56.42691182579455
349.9380243886803 -56.43226179960209
212.8152352290917 -56.48484487846816
103.64183596199523 -56.659311795077656
201.4438739166471 -56.71775402808053
39.087492511348096 -56.748293372603804
317.1735086071091 -56.85310501031817
175.4022069110047 -56.93615949599604
33.50594520047784 -56.96883179767334
320.28084763241446 -57.03038943066821
81.49059073870568 -57.038880813440755
385.310039137867 -57.07135386880409
83.14006292908226 -57.1004867562957
253.6938212804952 -57.10356392622729
171.37849444660122 -57.144384022648644
63.821244699368656 -57.170637813710925
317.7649860087088 -57.183391387642736
249.9283595125648 -57.31743147703969
85.53096453836548 -57.35822508322693
123.65209960484648 -57.450644800375876
83.58158831337498 -57.51484858801869
398.7474060220964 -57.55413589568548
42.20316220428163 -57.5817706377141
229.25164245946038 -57.591908302566395
56.965105241389224 -57.603209655635816
298.42950644373883 -57.70141178124906
263.09081436506483 -57.725211719628966
331.84381430030686 -57.78035788962711
320.92230903978316 -57.80096793084416
129.49189761218983 -57.81417940859501
366.06619691680686 -57.820328425813415
144.2871633198101 -57.839953188795874
346.8890000367721 -57.88011804715429
246.12124440649362 -57.89486494422302
225.45285802101736 -58.05542045340786
305.9604299795996 -58.06686239771529
146.8030249435158 -58.13563483085559
374.6884379119572 -58.16252016054437
90.18780774250948 -58.207939275273056
60.64726033303796 -58.25040178354616
132.17437258845882 -58.34017497389403
207.09206656854266 -58.41525840776766
165.9552298206661 -58.42370656565853
162.3147280671582 -58.46828057427056
208.95813611725154 -58.494398200314436
147.99431041434332 -58.50125942482344
214.62299010440344 -58.50432229580675
272.5044687848908 -58.50602694130229
257.1010643404145 -58.60178480546609
101.75077441040187 -58.61885276401736
184.51595729621673 -58.73130262729401
233.10874157130058 -58.747316648637174
64.59599678878796 -58.75388551601382
186.4070188478101 -58.78405320349293
130.5582230685949 -58.791135205855305
365.29977549501575 -58.84176607307378
57.87314801285916 -58.86239400288927
114.6716399016851 -58.868076491902364
369.03191459243345 -58.87894337375436
395.69005100256004 -58.93329578016101
326.228944318924 -58.98127280245557
113.88022647700947 -58.98268689896775
203.33493546824045 -59.01274042178815
396.53144843300464 -59.07771160134157
55.915441120240494 -59.09097341701911
158.59091963736864 -59.10542394484339
197.67841214871672 -59.16626151145878
216.48072898548412 -59.1684989980641
270.4884472188749 -59.181737718679926
220.2461907534145 -59.22220882681705
267.94759359228476 -59.231090053871895
111.95584225490346 -59.237477271988524
160.09043981043826 -59.26468004354192
165.1804777312468 -59.26741010796601
125.70144384137497 -59.27031844400037
196.64540936282432 -59.30649267747699
118.95360306256168 -59.344860343686065
125.15161977791611 -59.42560562359649
370.93963747928314 -59.42608112344928
141.72964835796358 -59.432001085938644
303.14466432128 -59.44189161531289
193.02156894457275 -59.46223046810541
372.82236836324836 -59.49365021980814
231.15936534631007 -59.52568411671043
257.7508564154113 -59.53879361289961
210.84086700121674 -59.59564721867245
391.6330158676439 -59.59642732032753
219.7296893604683 -59.60333475343441
137.08946648907593 -59.63882315326697
351.8707392784145 -59.76099205728292
269.9136311525316 -59.8328008840705
173.41950801550155 -59.91610006593095
393.4241094076993 -59.92682892897279
318.6646981125506 -59.94580571924957
154.8671112075791 -59.95163753667561
135.5649543131218 -59.953768128753524
224.7364206049952 -60.08432979189212
127.6674814016218 -60.193725653930045
323.1216052936186 -60.26308185926907
159.36567172678795 -60.286627086704065
121.87766740004744 -60.37089872264801
294.60573000241135 -60.400877109337955
376.5461767930379 -60.45838129252743
375.5964806834271 -60.46089159293515
146.3531688915949 -60.49260633464732
133.60724742050314 -60.5000101558735
300.3039066600759 -60.53259424588892
205.5092397191914 -60.56690675375404
322.2052318545205 -60.57801029063345
182.61656507699522 -60.57920062588057
256.4512722654177 -60.58227511570579
179.2343140199604 -60.645418543337776
307.83483019593666 -60.78906449184023
387.0761406750379 -60.84705934842503
302.61150159307743 -60.850892743521094
279.5938669364588 -60.886601545973114
330.3109714567246 -61.028470656883314
222.6704150332104 -61.02852764476726
243.7719961353512 -61.05398740941356
353.062024749242 -61.16547406535696
237.89054478986702 -61.25386386239154
154.05903644764712 -61.25763701449413
262.2660782698765 -61.31752253549439
367.1658450437246 -61.33122665833656
161.70658933030217 -61.44178639336434
258.38398715515183 -61.472919141595334
200.30257245158856 -61.483011463309936
354.2533102200695 -61.52597986516556
135.0901062583164 -61.55043641479495
368.49875186423094 -61.623551379568674
204.1013568900316 -61.62573626337431
289.98220946878 -61.648879168922825
399.44718210286226 -61.69187455612047
269.48043643586703 -61.70002003128911
328.1283365381455 -61.72210936866515
211.7405791050585 -61.7449327578874
340.657660650905 -61.756355922769266
301.48686146327526 -61.7674311863744
221.73738025885595 -61.830562183347844
254.25197601158223 -61.84406826032579
130.108367016674 -61.84575192181833
250.8030796135221 -61.88137190721917
162.88121346587337 -61.89626726003872
140.81327491886546 -61.926845713298896
350.52950179028 -61.93719664610928
284.4756381665632 -61.95785987341397
390.6000130817515 -62.004681212074665
202.30193268234805 -62.00921853499227
208.0251013428971 -62.04957907982265
187.52332830998412 -62.08773062511935
174.2275827754335 -62.110204061111915
354.7114969396186 -62.134825268042015
176.06866032125788 -62.137612145252554
138.8555680262468 -62.21163373780149
334.84285464644614 -62.2500086956727
172.61976392319775 -62.25964699153959
260.24172603623254 -62.292602173287435
275.42020245474833 -62.29968049621788
181.8418129875759 -62.326326902044705
308.4263075975363 -62.33724315046319
265.83160401473094 -62.33806861906309
161.22341060786863 -62.34666979645127
313.4830228478322 -62.35765033604509
204.65118095349047 -62.364673643139746
157.2830048197468 -62.38400535005826
276.47819724352524 -62.38422279703007
355.6195397110885 -62.45489050703039
372.23089096164864 -62.484375945732005
361.53431372708536 -62.50745739482321
291.7816336764635 -62.644254516895444
319.497764875367 -62.6692666668587
185.94883212826105 -62.68166672596027
227.37724224312336 -62.72640356496752
398.0309686060743 -62.75323641019517
160.7818852235759 -62.784951996901235
264.8985692403765 -62.84117947631796
185.47398407345565 -62.888276394485125
132.94079401024996 -62.90220762609635
293.43110586684014 -62.92719338096807
194.8626464903971 -62.99039531782736
198.12826820063762 -63.011643860267505
236.09945124981166 -63.182178287876546
149.86037996305217 -63.21538627319617
248.82038071801892 -63.24900225274515
316.0738604801914 -63.25706905493581
277.72779738774994 -63.282191672405304
388.58399151573565 -63.30691071045462
246.56276979078635 -63.37205235511266
226.78576484152367 -63.443222659955815
297.5714476780379 -63.45577999512076
304.6191924914651 -63.60123706812326
376.9710408420743 -63.76685698035471
280.6268697223512 -63.78193489367764
259.3753366029034 -63.79473790322109
178.37625525425946 -63.80282777974487
332.7685184070331 -63.8381030193275
189.38106719106483 -63.83956645881542
394.35714418205373 -63.945806358723225
325.27091754168504 -63.97227613759359
151.8014255204145 -63.97678075380515
327.62016581282745 -64.02269489385057
327.12865642276574 -64.07874338940955
299.27923454181166 -64.14302412086487
273.4375035592452 -64.23928461848783
356.13604110403475 -64.24603605838452
383.0857508811471 -64.27461743288848
381.11971332090025 -64.29545956887527
343.848306352492 -64.33965365509405
286.36669971815655 -64.39822620849424
357.21069722806794 -64.39994370338887
377.7208009286091 -64.43488927703378
345.972626597674 -64.55160116130871
351.2042858681613 -64.56460656192046
356.7691718437752 -64.73306342093603
295.4387967652278 -64.75024267093875
200.90238052081642 -64.80436847334023
373.66376579369296 -64.93541659387182
394.8319922368591 -65.50062349064874
