48.617776277968346 24.67376729832947
24.400525482893983 -8.582368278352035
72.84335774067087 -8.820362505882963
243.10554272509805 -14.462668917138146
5.556555307985758 -17.156624357446038
145.86165950153318 -20.03459432743949
340.3494259486629 -21.80136880929729
97.24388322356485 -21.80613353783025
311.1837585824588 -23.403339118016657
28.65749664088607 -25.92872874993994
91.68732791557909 -26.635907508985103
84.94781780439396 -28.662489367932054
194.4877664471297 -29.26442153234314
37.51299632962499 -29.340444139383195
12.296065419170883 -29.505688414431123
71.32717623234493 -30.07465178448418
218.88829193002368 -30.267066274947798
19.910295631313286 -30.59270968012888
337.77524965156005 -30.768924022156778
267.3311241878006 -32.232115433412496
21.826349185791134 -32.512102078022096
168.57105945590976 -34.47334179562841
9.921825145143986 -34.6185366428567
34.32235062803797 -35.39833209526363
134.75687955318983 -35.514580180620065
388.9755328942594 -35.76139366409762
19.452108911764235 -36.204685307400645
95.8943150678022 -36.22596940242622
23.1509253386693 -36.37755773270576
75.41753403777372 -36.38956266320247
0.45818671954905055 -36.5104940800254
18.985591524587022 -37.63904813543078
26.983032447624993 -37.65412716657264
77.22528891308542 -37.97226457881465
238.4820221914667 -39.063980669934395
70.26085077593986 -39.43436112891383
195.42080122148414 -39.47414286147099
80.57421729960758 -39.532933483271776
152.35124958387337 -39.60089682139711
2.5741762971028477 -39.99055284648302
316.13217515358855 -40.16357892582233
14.112150962110757 -40.26153172976448
240.5313664279952 -40.531500871134526
51.325243257121826 -40.74829617754909
148.56912648068666 -40.83965547639635
74.36786991662498 -40.980508354011086
335.72590541503155 -41.02517537690862
200.04432175511545 -41.49713208726971
107.16570836870883 -41.63318551515792
292.664684445049 -41.65254297543405
364.5666767437373 -41.92519452280637
249.59513280743823 -42.02177132583157
105.93276955974048 -42.578979424444384
4.665173871772151 -42.72440148771832
46.043599980865494 -42.846809701995966
120.39480856223415 -42.96782246224719
0.024992002884493665 -43.06125827377493
7.872480908615504 -43.144862613429986
62.921532595526884 -43.29107959088975
281.5515738290775 -43.395470933168006
191.2721287426582 -43.39983431113438
343.05689292781636 -43.41249098814226
8.580587657009492 -43.44944147684441
116.7626374763544 -43.52614036028274
324.61279479906005 -43.931138290737124
177.81810052317243 -44.020196766513216
11.72124935282753 -44.021431622645935
381.1447053237847 -44.67899566849957
109.2900286138908 -44.694238228361066
245.68804968982906 -44.840329425764175
378.7954570526423 -44.85295823978175
25.73343230340031 -44.93348001088583
51.86673665295252 -44.965185583213405
1.349568155762658 -45.56378569021668
121.46113401863921 -45.70010039109678
291.73164967069454 -45.70722096469945
6.872800793235758 -45.78270706088673
17.06120730248101 -45.785787468848476
288.4826892957104 -46.10863177924881
286.96650778738444 -46.31617299269991
60.214065616373404 -46.42990053575782
157.45794883993827 -46.45084825291193
83.13173226145409 -46.56940488580663
387.6176340708686 -46.681112502107965
10.846529251870251 -46.683054422920215
384.21039101094925 -46.82089409423407
78.25829169897783 -46.947356603380086
97.7020699431139 -47.061546939380655
87.13878339060125 -47.22003260369596
15.478380453129743 -47.32466043567757
361.99250044663444 -47.430040374227815
3.423904395175632 -47.44280760079018
165.83026980624362 -47.58946652271489
56.856806562223085 -47.5970058009224
94.92795762293511 -47.657076756105
21.10991176976898 -47.728477493596415
282.4346245976629 -47.88666597458674
135.3316956195332 -47.917079156949434
99.8180595206677 -47.9874922303077
38.5210071126329 -48.22045863506265
69.49442935414872 -48.35479414292104
206.53391183745566 -48.43913067193346
131.29965248750156 -48.695395314206586
367.6823464366708 -48.89172395678164
313.5579988564857 -48.98206015738509
297.2882049786803 -49.06268392676319
242.37244397381957 -49.39191597999979
379.6701771535996 -49.423487644884155
279.43558425152366 -49.43519943972751
254.7018320635031 -49.477540472975
26.40821638128164 -49.51122889632912
58.53960142311233 -49.55916684297816
137.99750926054585 -49.718345680789184
390.32510105002206 -49.783608738132635
149.11061987651738 -49.83833064216436
98.79338740240345 -49.85409062818558
170.08724096423572 -49.94332933912219
102.9670518841139 -49.94653366545623
183.2080424785949 -49.9527340129793
35.18874006136708 -50.18470055600627
203.17665278330534 -50.26982777955143
27.749453869416133 -50.33582669434771
111.35603418567561 -50.40929357707796
35.93850014790189 -50.42991504332565
332.52692904581636 -50.48814393866649
105.11636413218035 -50.539851397898296
85.52263387073732 -50.57615005059825
160.16541581909175 -50.6695600639761
31.93144901875474 -50.69340583457688
209.77454154481165 -50.77886783327076
67.21182642403163 -50.791765743733094
192.17184084649995 -50.927812064085174
109.73988466581169 -50.928769995787405
190.43073131221357 -50.995945209198794
166.7049899072009 -51.259182943987845
94.47810157101422 -51.2794393890652
251.81942106415818 -51.296401716248404
351.94571528706797 -51.439235030017436
221.4707988947547 -51.448615113732274
29.63218475338132 -51.615601018663796
102.45888115879586 -51.76750280107433
193.12986762373887 -51.77378550815405
92.5787093517927 -51.79925078537007
87.7385914598291 -51.92266864245189
36.71325223732119 -52.00296418138199
232.57557884309804 -52.04707748969789
228.53520504343822 -52.10183575393953
96.49412313703004 -52.10192516918669
349.06330428772304 -52.17925485917119
134.1320794810775 -52.278100072736116
307.0184247683765 -52.28982516155104
39.6956312482041 -52.34103987237744
115.90457871065345 -52.4373221918795
365.18314614822145 -52.49358473249608
64.5876661211598 -52.56960972002904
286.1750943627088 -52.57815255639549
89.7129596877041 -52.65354393274385
30.057048802417714 -52.72780873131811
267.9392629246566 -52.840683874419234
62.05514316219777 -52.95033616923299
257.4092990426566 -52.95362095986052
310.2590544757325 -52.9951561980131
143.28748320443034 -53.05335295182621
287.6746145357784 -53.13291989011652
123.16059021478478 -53.16225931101488
394.0988934855806 -53.19476526635475
107.77384710556485 -53.20832552916449
32.65621710240506 -53.25845848902025
67.9449251753101 -53.327319657740894
156.9747701175047 -53.40712516432776
320.3808156439525 -53.40829519148872
76.21727813007752 -53.47194401403089
252.83576251479425 -53.49892393048682
235.24139248411072 -53.73081600174609
316.5653698702531 -53.799623528415616
42.036548851718344 -53.83540655039669
161.83154934472464 -53.87632073168288
155.9667593344968 -53.87660672385275
90.56268778577687 -53.891746268085804
81.7655027704351 -53.95503262176584
326.05400029873255 -53.96003600822363
373.2972164180537 -54.00606803588636
41.411748779606 -54.02170421918587
350.4545257816265 -54.03375372227523
231.51758405432116 -54.086477524332544
61.30538307566296 -54.124789228641326
263.9488731307658 -54.16307710320185
43.6443677039541 -54.22878330493638
398.8890273717752 -54.260336146049724
164.45570964759648 -54.293701820104275
359.8015348604271 -54.380115585598496
83.58158831337498 -54.45727643959742
44.27749844369461 -54.46740820763168
30.81513955658069 -54.48058618509978
262.6242969778876 -54.556866285200066
45.552090590803786 -54.55762836230664
33.564259873874995 -54.73452011718435
280.45192570215977 -54.835090672390955
129.75014830866294 -54.89172621211956
214.398062078443 -54.93225448695048
93.81997882838922 -55.00271574955908
184.5659413019857 -55.080014218684965
49.52581904943828 -55.099512753959345
247.67907925296038 -55.15761432953945
285.25872092361067 -55.24924337586831
86.3973539716946 -55.25134591895783
125.50150781829902 -55.25373743131103
40.337092655572775 -55.33956331742974
263.0741530298085 -55.357453760246095
318.7063514506914 -55.38458064830971
43.211172987289544 -55.48068387186205
78.98305978262815 -55.52150258145203
270.67172190669453 -55.66523172231774
88.66329556655536 -55.76927988252125
226.41921546588443 -55.79239117601108
204.40126092464553 -55.97090401197645
179.90076743021356 -55.981564391325556
264.7486172230696 -56.0075635994339
328.75313661025785 -56.01461003751047
259.0754325682895 -56.07022818242896
102.0256864421313 -56.09467115704032
100.48451293092086 -56.11297841385653
196.7870307125031 -56.28450230776374
136.9978291451661 -56.30591195657009
301.65347481583854 -56.30685364953683
334.9428226579841 -56.341513644870965
42.66967959145885 -56.372037142959705
210.44932562269298 -56.403434362087516
55.07404368979587 -56.42710832810608
211.4073523999319 -56.43192221369723
216.31411563292085 -56.469329654399985
122.65241948946674 -56.48963440615409
363.542004625473 -56.5186763360857
52.98304611512657 -56.518799413023665
386.40135659715656 -56.59479048238097
147.5028010242816 -56.61697873771286
101.2759263555965 -56.62893474310656
128.83377486956485 -56.64019341231462
365.9662289052689 -56.64645196907683
283.9008221002199 -56.65821359488394
194.02957972758065 -56.67591277337785
256.3429735862515 -56.68782859257723
354.65318226622145 -56.729526195979226
226.9940315322278 -56.75443723903529
205.0177303291297 -56.783140833663005
260.4833153974493 -56.82066316527274
110.90617813375472 -56.83904377882853
399.5054967762594 -56.840727896120505
336.29239081374675 -56.86257532527127
113.93021048277845 -56.86752497632258
93.2118400915332 -56.89576392931868
269.63871912080214 -56.92716176108078
370.9063148087705 -56.9468712398679
110.20640205298889 -56.95002317447944
266.2981214019082 -56.99828179481485
162.89787480112972 -57.02029235416672
54.02437956864714 -57.046478842680386
50.25891780071676 -57.07543413343634
333.2516971294667 -57.10122476374003
255.7848188551645 -57.105226494765084
181.5169169500775 -57.12710644847709
374.38853387734326 -57.1277072996888
272.212895417905 -57.1360280733302
180.82547153693983 -57.18597242046297
344.91463180889707 -57.189255226496364
150.9850200928544 -57.201840067054405
146.66140359383698 -57.21115794499328
47.35151479848733 -57.268445587686095
132.87414866922467 -57.298926237919545
174.96901219434014 -57.306848089037565
127.10932667053478 -57.36159961817947
156.3916233835332 -57.406639238017
206.08405578553476 -57.42215858971898
303.3279390090996 -57.42829553623691
135.94816502401738 -57.443496486302614
396.3898270833259 -57.44793000654241
64.1628020721234 -57.47433477049267
341.39075940218345 -57.48477674279605
233.19204824758222 -57.49233439491559
208.59991740924045 -57.50161140991488
253.63550660709805 -57.57089385403284
223.40351378448887 -57.59158157253378
248.520476683405 -57.71697309109505
262.09946491731324 -57.73969301340804
224.1282818681392 -57.8278835438745
104.10835334917245 -57.85660310433635
155.04205522777053 -57.866498762227785
151.70145750887656 -57.98603710255094
45.01892786260125 -57.99451219823495
258.3506644846392 -58.00168824099931
46.7017227234905 -58.04955050780135
331.16903022242553 -58.14506448069898
158.5492662992278 -58.240860379961454
290.80694556396827 -58.24503221584891
103.6501666296234 -58.29281173788038
357.35231857774676 -58.2972917541004
395.73170434070084 -58.327903294215254
152.96771898835755 -58.334720495502616
350.8793898306629 -58.33909570632852
382.2110307801898 -58.38619379127592
384.9434897622278 -58.38997251528691
207.45028527655376 -58.408092552511
118.68702169846041 -58.41081345170135
241.11451316196673 -58.4618920162463
119.47843512313605 -58.4950305372588
314.43271895744294 -58.60183996425425
55.83213444395885 -58.613028438765376
202.31026334997622 -58.63036995432065
217.36377975406958 -58.63946965989587
198.71974560223728 -58.656285864851135
323.66309868944927 -58.69578615865991
375.4465286661202 -58.70729481851799
174.4608414690221 -58.70867859709526
222.04561496109804 -58.71694701367914
250.2116022119224 -58.74262919027675
220.88765216078318 -58.75950870047611
65.31243420481012 -58.80218671994508
271.704724692587 -58.80716124283609
183.66622919814395 -58.872151628822394
52.41656071641138 -58.891427612683025
359.3433481408781 -58.925811368399074
176.89339641644617 -59.00280898466823
321.37216509170406 -59.05334361454218
236.05779791167083 -59.06433961510472
113.20544239912815 -59.080852399099506
170.97862240044932 -59.11028588890721
243.90528681740184 -59.17048182203996
333.6765611785031 -59.17455779476177
140.030192161818 -59.17673443633716
237.95719013089234 -59.189120620054744
127.99237743912022 -59.269814408491584
342.1155274858338 -59.274474669368715
276.05333319448886 -59.28234605660624
213.44003530120406 -59.28467284760813
138.60564799740186 -59.31805717680458
197.24521743205216 -59.32168452388154
299.09595985399204 -59.32701632537131
308.65123562349675 -59.37318114298143
367.1491837084683 -59.42662887950218
187.7232643330601 -59.513601196423686
201.47719658715977 -59.51621460574045
319.1562075026123 -59.57045452998705
275.0369917438528 -59.58938577840261
274.31222366020245 -59.624101970231
391.96624257277045 -59.693666563297235
142.07120573071833 -59.73778794631562
251.21961299493032 -59.77258619567291
159.09909036268667 -59.78487726396397
237.27407538538284 -59.82701578930721
295.9636288258021 -59.906876464686114
230.1180318927895 -59.92313689426936
66.61201835480378 -59.92378551705523
142.58770712366453 -59.94478614248425
148.0193024172278 -59.94913805929608
219.9629480540569 -59.96283126778317
114.52168788437814 -59.980741487952876
353.2036460989208 -59.983379776609944
225.52783402967083 -60.022617975238916
277.61116804095565 -60.0518602210607
167.6463553491835 -60.073967608444434
265.52336931248885 -60.08944606530448
115.19647196225947 -60.105339826310285
322.3968372099683 -60.1280287268815
216.89726236689236 -60.19211750454016
188.93121113914395 -60.21643924257612
220.40447343834964 -60.22116761557307
189.3644058558085 -60.25118965936097
314.92422834750465 -60.28343351768522
397.3728458634493 -60.30166175551156
294.3058259677974 -60.405987065594985
254.21865334106957 -60.4123704559928
143.87896060603003 -60.447141519744385
383.27735623659487 -60.45560757592141
366.55770630686857 -60.49464208586611
149.6687746076044 -60.5581138705949
327.1119950875094 -60.58156014216791
112.5806423270158 -60.59823726446624
306.09372066165025 -60.66158303969473
315.51570574910437 -60.669273305027694
273.88735961116606 -60.685480684744675
376.67946747508853 -60.74498652766082
150.22692933869143 -60.750810178581645
141.01321094194142 -60.76096621162245
275.50350913103 -60.773906124344144
317.2901379539034 -60.78522796792655
124.96001442246832 -60.78999069323638
154.42558582328635 -60.82989829338559
212.64029120890027 -60.84168627403157
144.6120593573085 -60.877112270611484
163.9308775870221 -60.989722972739834
130.3249643750063 -61.000116527026336
233.93347766648887 -61.00649275725052
244.46344154848887 -61.05832165499057
296.8466795943876 -61.06089704345887
182.19170102795883 -61.070849617815874
130.80814309743985 -61.08495849128229
317.7150020029398 -61.15070083936121
346.4974586582483 -61.19210821943866
298.487821117136 -61.22555340632261
172.46148123826262 -61.22897159657498
391.27479715963284 -61.336739961345565
124.36020635324047 -61.38175207999009
312.49167340008063 -61.40952000471399
339.24977782174517 -61.48255795087497
347.4554854354873 -61.4861082056093
361.30105503349677 -61.498631310442214
186.08212281031166 -61.50415875909247
186.63194687377052 -61.53026638568929
322.9216692705426 -61.57319927025145
179.15933801130691 -61.611205010596514
371.5561068837673 -61.62581048110534
284.3673394873971 -61.66871213220393
289.1574733735917 -61.69593590359168
187.12345626383222 -61.70342753511854
329.4945660291645 -61.71301139348804
345.4727865399841 -61.735555167286115
307.95979021035913 -61.79129973422514
159.57393841749206 -61.79697468324894
348.48848822137967 -61.80397626246455
249.09529274974835 -61.87379408781552
329.9194300782009 -61.93792184688433
141.52138166725945 -62.01547210100123
182.76651709430217 -62.251491395637146
300.3039066600759 -62.26017784313817
330.43593147114706 -62.36817584352599
368.9486079161518 -62.420390443277704
230.6095412828512 -62.44319111360115
385.9265085423512 -62.489546799870084
378.00404362796667 -62.516296634819355
377.25428354143185 -62.56849353829157
269.03058038394613 -62.60244955245137
215.69764622843667 -62.712376225734374
273.37918888584807 -62.71337462247004
375.99635272957903 -62.72269382486871
162.33138940241452 -62.74802328255109
173.91934807319143 -62.7998404570204
372.2808749674176 -62.92553046943186
309.575939730223 -63.027603587430455
246.46280177924837 -63.03501153728312
334.3680065916407 -63.04750872881135
393.207512049367 -63.15063240516306
185.30737072089235 -63.189254142357214
347.9136721550363 -63.23849055676419
261.37469683366294 -63.24038552996026
356.78583317903156 -63.40040927392693
394.7570162282056 -63.701616963365154
369.56507732063596 -63.72162545618483
327.7951098330189 -63.85194183615257
236.78256599532114 -63.910345756166635
319.5810715516487 -63.96254641388308
368.3571305145521 -63.96875332465612
173.2862173334509 -64.20039996265486
305.0940405462705 -64.38525381989997
302.8364296190379 -64.6947676761629
307.47661148792554 -64.77635404311683
381.5945613757056 -64.90815703929552
356.3109851242262 -65.17297130460234
302.3949042347452 -65.23103634460318
