48.48448559591771 24.57396505464673
24.275565468471513 -15.038726774693602
72.68507505573574 -15.564567126113886
242.40576664433223 -17.491642952845705
5.4149339583069604 -17.719698075547257
96.96064052420725 -22.595102341122992
145.44512612012497 -23.26776334623958
91.54570656590029 -28.9073574841033
84.78953511945885 -30.39588981845992
12.171105404748415 -30.426733327269346
193.92961171604267 -31.857643324880303
37.646287011675625 -31.904241208542334
19.76867428163449 -33.19734676626261
311.2837265939968 -33.96859120498253
339.37473783616764 -35.66977967880994
95.0945709754984 -36.34367601655293
71.43547491151106 -36.96114682081609
134.61525820351105 -37.43917491592973
234.041776345655 -38.20162998626207
0.20826669070411388 -38.53456874503451
25.99168299987341 -38.61398606855499
23.292546688348096 -38.65558108722522
70.977288191962 -39.9721784624948
218.20517718451418 -40.08982776017253
387.85089276445717 -40.382588123210276
168.4044461033465 -40.5524327174911
238.62364354114553 -41.017129155656676
18.585719478435124 -41.34137224067834
8.380651633933542 -41.37308073482266
266.6146867717784 -41.72411691705012
80.71583864928637 -41.738994533559286
149.1772652175427 -41.94691981961595
195.55409190353475 -42.59933639682297
331.01074753749043 -42.62141670702946
152.49287093355218 -42.64486310806248
102.25061446809175 -42.83587385371109
199.34454567434963 -42.968714476546815
52.21662469333543 -43.30638933002992
0.9663574448670884 -43.439002908175446
292.52306309537016 -43.77881576910829
384.1104229994113 -43.85527851211935
42.861284946906636 -44.17300223725869
281.69319517875624 -44.530700048938236
77.19196624257276 -44.629886867529514
25.241922913338602 -44.65237444755079
335.5842840653528 -44.71392448278311
378.65383570296353 -44.80860636597885
20.41013568900316 -45.01340631321472
343.10687693358534 -45.226637818374776
10.20506784450158 -45.28557696926175
11.179755956996832 -45.37165636342187
139.8219254711139 -45.38866382834498
54.107686244928786 -45.635042244133395
249.45351145775945 -45.69340897753698
1.8660695487088603 -45.75880871825848
147.3361876717183 -45.96727418952374
115.6130053436677 -45.991924775047046
4.6568432041439864 -46.04147152144791
9.280363737775314 -46.15039843930555
67.06187440672467 -46.357122366817634
14.745281701851262 -46.40962316962771
2.8740803317167716 -46.46737845922423
34.13074527259018 -46.46851095433629
120.26151788018352 -46.59701688230488
177.67647917349362 -46.61220033755567
29.898766117482587 -46.733155211948166
22.042946544123414 -46.94874925115814
50.375547147511064 -46.99971697201837
6.389622070802214 -47.003103907891465
324.75441614873887 -47.01045058979088
78.30827570474682 -47.081110677842894
10.746561240332277 -47.092018791580585
7.614230212142403 -47.11161325885774
3.948736455749999 -47.12861402134754
7.0144221429145555 -47.241433492388104
282.9178033200964 -47.330071567601514
385.98482321574835 -47.40355792774452
13.37072154320411 -47.40585331443225
59.06443348368669 -47.49843377172683
109.42331929594143 -47.891769173541036
62.83822591924524 -48.03221361829221
191.34710475131166 -48.21876848772637
290.88192157262176 -48.35798078890949
3.4155737275474674 -48.36948318381665
21.143234440281642 -48.38582041372544
180.27564747348097 -48.72940099262564
382.2443534507024 -48.74665381081244
31.614883648884486 -48.85585918537342
137.97251725766137 -49.372265593608795
151.06832676913604 -49.47473366174506
379.8784438443037 -49.6605599636803
13.978860280060124 -49.768896201035034
88.58831955790188 -49.88894036756981
74.91769398008384 -50.18082831064431
192.06354216733382 -50.39091346855824
188.63963777215818 -50.442333274954706
389.71696231316605 -50.82286946976607
16.494721903765818 -50.96551139762835
244.29682819592557 -51.00688701298177
288.32440661077527 -51.01458711601541
47.518128151050625 -51.073829032069575
206.39229048777685 -51.083603669177045
98.62677404984017 -51.12533343919523
18.010903412091768 -51.153666776521966
106.30764960300789 -51.2074280177454
255.50990682343507 -51.50614585456207
285.29204359412336 -51.77747982435773
49.4508430407848 -51.9754726344616
17.51939402203006 -52.120864577454945
126.79276130066452 -52.1896016331751
80.11603058005852 -52.287692588651794
75.81740608392562 -52.312836355914435
164.0308455985601 -52.623714726765535
82.22368948998415 -52.62835665226826
212.58197653550312 -52.815186059407154
367.8239677863496 -52.931956934449765
15.886583166909807 -52.99028987353646
60.58894565964081 -53.0099913289319
352.4705473476423 -53.16462617225843
15.436727114988921 -53.4540712562374
333.75153718715654 -53.483286069689
36.380025532194615 -53.483775939606964
41.00354606582594 -53.49092239637465
251.9527117462088 -53.49871499034217
348.9216829380442 -53.513846525849225
121.16956065165346 -53.624917318934706
177.08500177189396 -53.63742554559971
341.265799387761 -53.6855785775008
59.73088689393986 -53.70213114233923
46.59342404432436 -53.73151691709804
104.44158005429902 -53.76859724126632
108.14872714883225 -53.78034047361234
65.35408754295094 -53.822638074003684
117.37910688083858 -53.85002692862767
209.91616289449047 -53.89310804442041
380.3782839019936 -53.929193831576555
95.99428307934016 -54.151287755599526
277.23628799768824 -54.153478682466904
234.93315778186863 -54.320385069544386
34.813860018099675 -54.35369209947839
241.43940919946513 -54.35429789918467
363.66696463989547 -54.457977708792534
306.8768034186977 -54.56857012830485
110.0397887004256 -54.701042277176896
359.89317220433696 -54.86880992187316
166.8466112568797 -54.88391076260505
274.0456422961012 -54.90822692068182
365.4247355094382 -54.97947899438648
275.93670384769456 -54.99591956646254
32.63122509952056 -55.01751553047441
30.70684087741455 -55.02526608792491
85.78088456721042 -55.05493700271442
128.62550817886074 -55.06805170370988
44.327482449463595 -55.07433069040788
223.82837783352525 -55.09789172155745
89.48803166174365 -55.156210216554314
190.19747261862494 -55.19556501612015
29.182328701460435 -55.21445656333117
175.27724689658223 -55.21930170924642
303.9860617517246 -55.314018653698895
39.162468520001575 -55.33647801930115
337.4836762845743 -55.560237165931234
260.9831554551392 -55.585180952481494
90.5793491210332 -55.66947637012577
253.6188452718417 -55.69864708602106
249.886706174424 -55.744952029855064
240.51470509273886 -55.799478260455544
287.08313713417874 -55.81407165535194
278.71914683550153 -55.84714052501551
318.8479728003702 -55.8573607946306
309.5426170597104 -55.884248580552175
69.711026712481 -55.92819727753953
131.39962049903951 -55.975144991379274
92.11219196461549 -55.97995990339507
35.43032942258385 -55.980858735565185
180.85046353982432 -55.980993646298735
101.61748372835125 -56.056289778025324
42.00322618120568 -56.07201163766217
248.0289672933433 -56.08906161333587
317.00689525454584 -56.128838724781794
94.09489086011865 -56.14405651353789
73.659763168231 -56.17794809161969
57.83982534234651 -56.187937679951936
103.51687594757276 -56.20456500627469
287.8162358854572 -56.206725540131934
76.42554482078162 -56.276832181795776
156.2749940367389 -56.29262856980463
40.02052728570252 -56.306999363925364
141.66300301693826 -56.33816728297543
45.41879990875315 -56.35033883816652
216.30578496529267 -56.40484644380183
51.5418406154541 -56.41191243388929
374.780075255867 -56.41831585063475
87.35538074893353 -56.43479834348761
27.791107207556955 -56.48978275881408
28.507544623579108 -56.500158023047696
165.92190715015343 -56.53102983609828
112.83056235586074 -56.58870380563286
331.9104596413322 -56.61075986921335
44.75234649849999 -56.67691450274281
267.3311241878006 -56.70075754135012
69.21951732241929 -56.71549280744019
225.6278020412088 -56.733765195664965
86.21407928387498 -56.734547933484585
320.8306716958733 -56.768784575270104
397.1812405080015 -56.798362450276194
49.93402176321834 -56.85987362760287
310.4006758254113 -56.881360693800076
246.18788974751894 -56.95447164235146
298.3461997674572 -57.00500343068444
86.75557267970568 -57.0253408616454
344.99793848517874 -57.0569368969041
93.22017075916138 -57.06287971777018
100.72610229213764 -57.10218270557642
395.331832294549 -57.133720893548734
262.93253168012967 -57.14981293985388
364.300095379636 -57.18319407269447
289.0158520239129 -57.2105600999742
357.96045731460276 -57.25402420647929
315.1658177087214 -57.31200356426697
338.40838039130057 -57.361785945674654
99.70976084150156 -57.36743390080645
61.71358578944302 -57.549963580453685
169.65404624757116 -57.591649950446644
63.63797001154904 -57.74577176411401
122.46914480164712 -57.87239369376233
213.69828599767717 -57.882875480122216
83.88982301561707 -57.93425056576444
214.4647074194683 -57.949741938579535
41.48672478825949 -57.96480989529832
398.95567271280055 -58.0490638271026
94.58640025018036 -58.05313105220083
156.77483409442877 -58.081350737393414
182.74152509141769 -58.117737128705166
90.05451706045883 -58.13122583509852
252.97738386447304 -58.168982698327454
243.3721240891993 -58.32145637079304
367.31579706103156 -58.41486680467537
369.1985279449967 -58.4517417702564
47.01828809336075 -58.55844061164462
52.758118089166125 -58.58566387017158
257.26767769297777 -58.58626386279544
272.2378874207895 -58.63390849794567
233.05042689790344 -58.636976380194604
111.75590623182751 -58.68261690021102
221.88733227616294 -58.783249225660875
296.51345288926103 -58.79330189920611
263.80725178108696 -58.79657692154145
186.4486721859509 -58.81897716830247
228.36026102324678 -58.86497139977258
158.5326049639715 -58.93118449636375
393.52407741923724 -58.946324123272554
354.4865689136581 -58.95091682381457
197.67008148108857 -58.953726310261736
203.38491947400945 -59.00178204148966
219.99627072456957 -59.03677286129385
372.93899771004266 -59.09133055984602
61.08878571733068 -59.23343019897114
207.00042922463285 -59.244325742926605
231.15936534631007 -59.30998400699189
130.59987640673572 -59.36243692212107
201.40222057850627 -59.37180165022425
270.338495201568 -59.41071179174863
305.6855179478702 -59.42404587830527
105.04138812352687 -59.446955320723255
106.88246566935125 -59.45221779595087
79.1330117999351 -59.469852634918176
208.72487742366292 -59.49784975592797
229.35994113862654 -59.51390744118433
350.70444581047144 -59.53130864325035
236.7492433248085 -59.57756168306813
68.37811989197466 -59.58255046914718
54.95741434300157 -59.59576526837916
328.16165920865814 -59.70892827397995
119.30349110294459 -59.7439582424605
132.21602592659966 -59.76202914395183
160.2403918277452 -59.77836065619286
179.00105532637178 -59.845320221092884
396.53144843300464 -59.89270277881223
361.717588414905 -59.94136755106365
184.59926397249836 -59.942659913075566
113.73860512733067 -59.97556946423473
340.3410952810347 -60.01275055666554
391.57470119424676 -60.03107589562787
143.59571790667243 -60.04905288850974
56.09038514043195 -60.054713661257146
146.8030249435158 -60.067709060995185
384.77687640966445 -60.09219109134707
136.98949847753795 -60.24054308631807
302.2366215498101 -60.25463337467429
329.92776074582906 -60.4273842952617
371.0396054908211 -60.52863537356193
210.6326003105126 -60.54501386848855
259.2253845855965 -60.548577319305345
154.63385251399046 -60.5747235339216
279.6938349479968 -60.6069230164365
204.9677463233607 -60.617308679246015
173.3861853449889 -60.650769624584996
294.6723753434366 -60.69177126098449
127.6674814016218 -60.7822786434101
82.98178024414713 -60.80861640946588
219.17153462938128 -60.84575584075238
300.23726131905056 -60.87491930302793
349.94635505630845 -60.99554183965504
116.57936278853478 -61.02495322530758
162.18143738510756 -61.073877489161674
135.78155167145408 -61.08180419986599
313.28308682475625 -61.101784894427915
123.77705961926895 -61.188152051122835
110.98948481003637 -61.198774128058524
346.75570935472143 -61.22185821274767
57.11505725869619 -61.23283969969467
264.8069318964667 -61.28509214200866
140.78828291598097 -61.44004869839042
81.5322440768465 -61.441168623902264
124.91003041669934 -61.456029522889686
307.6099021699762 -61.45708734246288
268.4974176557436 -61.484127340874444
123.16059021478478 -61.506308199252224
136.2230770557468 -61.557221791033896
269.51375910637967 -61.5739718915666
376.67113680746036 -61.76771686736563
121.92765140581643 -61.791475235285105
167.77131536360596 -61.79416856376327
356.15270243929103 -61.81103330910317
114.82159191899206 -62.04318876380855
322.8800159324018 -62.18872805298428
256.10138422503474 -62.225918546338484
171.8033584956376 -62.35759234551677
277.8277653992879 -62.38102499839369
227.5521862633148 -62.4277493800989
151.92638553483698 -62.53687971990089
56.59855586574999 -62.59265429555239
326.2705976570648 -62.68249983342497
355.2529903354493 -62.68521693919569
159.3740023944161 -62.693651560212196
64.13781006923891 -62.72070699774641
148.24423044318826 -62.78924678358413
138.96386670541295 -62.84390799518289
129.75014830866294 -62.87082678046036
118.21217364365503 -62.874979990060346
394.0739014826961 -62.933456892661326
217.2388197396471 -62.942099575523365
170.6287343600664 -63.11938255185837
165.34709108381008 -63.26674892595287
322.4301598804809 -63.286597043487625
220.7460308111044 -63.305288457860456
194.604395793924 -63.46065622990708
157.5829088543607 -63.50258259806488
265.3900786304382 -63.504326014018005
144.38713133134806 -63.83077691722028
222.84535905340184 -63.87159755005468
189.64764855516609 -63.879297806125486
187.1317869314604 -63.89089719764988
174.5108254747911 -63.90790582606581
399.75541680510435 -63.95226422231011
247.0626098484762 -64.00021970802125
262.1077955849414 -64.07434329524473
183.35799449590186 -64.08342193231533
211.59062708775153 -64.08397528330177
343.67336233230054 -64.17076917800678
215.20613683837496 -64.23274713158317
202.56018337882116 -64.25100079184938
362.45068716618346 -64.3781163760706
387.234423359973 -64.46843496598925
185.70724276704425 -64.49673649002453
353.07035541687014 -64.56820575963722
388.4090474955442 -64.57988520270862
169.14587552225314 -64.62162839860237
150.07697732138445 -64.68616656335504
325.37921622085116 -64.78862744608539
208.10840801917874 -64.85004767017075
196.55377201891451 -64.90609336939377
235.62460319500627 -64.91618784575972
345.57275455152205 -64.93641172721091
297.2465516405395 -65.06598906929732
351.3042538796993 -65.08633102319344
381.53624670230846 -65.19671988753116
204.1263488929161 -65.21115865637904
342.0905354829493 -65.21844251002817
280.9767577627341 -65.24443252964987
304.53588581518346 -65.36419320364922
295.29717541554896 -65.43161105181575
329.3779366823702 -65.4363605270921
163.30607751490976 -65.46550733705736
375.5131740071455 -65.48122897648652
161.41501596331642 -65.4918301139878
377.47088089976415 -65.57184884661724
336.29239081374675 -65.63818216182277
321.79702914074045 -65.65394127952952
344.1065570489651 -65.66503618485656
368.4820905289746 -65.79890539097373
299.39586388860596 -65.81822039416083
301.0953200847515 -65.84891761800786
390.8416024429683 -65.8718745787017
248.96200206769774 -65.92053200657855
239.62332365652526 -65.94403640284138
389.0505089029129 -65.95235223682444
360.6346016232436 -66.02443487392522
334.72622529965184 -66.0468317800496
172.5614492498006 -66.10065395616493
366.37443161904895 -66.23764659113316
327.0703417493686 -66.2967181926578
293.7976552424794 -66.3951356479804
276.57816525506325 -66.43952230944525
291.71498833543825 -66.5686206348681
316.13217515358855 -66.6732382760356
314.41605762218666 -66.7100982633543
373.97200049593505 -66.91239958693448
313.89122556161226 -66.93942340048184
323.5714613455395 -67.24932735861532
392.68267998879264 -67.4053927467717
230.22633057195563 -67.54934043591918
