48.5344538077647 23.12604228434185
24.308880228468485 -11.096579339189743
72.76002738706092 -11.778061324756717
242.65560770898904 -17.946352589200604
5.464916185700934 -19.66110825423295
145.6033614232941 -19.695866246864274
97.0689076155294 -22.048796201982114
311.50022258495324 -27.884553283795054
194.12115390122435 -29.509521299751476
12.196093438820377 -30.18316171264253
91.60399142982847 -30.686710941205703
84.87281417670901 -31.0891198594657
37.60462143636283 -33.1148597870946
15.578343395214553 -34.34934338074256
8.630568854247207 -34.43425129859671
19.82698250300034 -35.02159351488592
218.4300341296928 -35.55874594872133
266.88118128828523 -35.841664931481645
71.47710498980796 -36.26880165524164
339.72451532451845 -36.89494968753627
95.40277463208399 -37.621687901953244
134.65686772205777 -39.270041313575945
30.323620298706402 -39.7734285498627
0.8330664917227034 -40.033318979545754
18.67735074442301 -40.19916783593082
23.125925810222245 -40.50170055234072
291.19006151675376 -40.547535861963844
25.49183464671472 -41.24832692572681
168.54601260533735 -41.35973325546385
39.80391697451077 -41.60491967818166
336.35892669795874 -42.16227199130043
104.48319939186146 -42.55307172730262
10.213395188520343 -42.80636606675934
195.504044277484 -43.20443313368493
148.91896606035044 -43.45098937567816
238.5735818995478 -43.50760853630085
6.697854593450535 -43.71045971490628
2.782442082353829 -44.017269720695055
80.65749772859213 -44.12085187924149
292.5729518930134 -44.46167875243611
152.43450665542025 -44.48815710498341
13.64562913441788 -44.656229680755615
281.64311952161154 -44.7130338794274
388.25896913228314 -44.730859022226745
64.02949055380698 -44.789924145304994
11.163090989084225 -45.12027096239692
88.42167743144773 -45.140952112170815
199.58607008692528 -45.40590701673082
77.24192511252906 -45.467458679083435
283.0093485680368 -45.511821716210434
57.24832931118418 -45.55413006105213
33.02275573188796 -45.84781196972153
34.17238749046529 -45.92830759101143
51.85005844482106 -46.211092818201855
249.50341427094966 -46.29102246500075
383.06063422393345 -46.48965294821137
380.0615948537317 -46.55777612777904
53.93272467412782 -46.563591016121926
112.64725101074394 -46.61924507720941
105.6994764697766 -46.66766441059403
73.94298180530716 -47.080256488140876
287.274649005657 -47.197235901763165
120.31146273459282 -47.5228753989306
378.6953658073065 -47.56635064953727
343.0401199615748 -47.83784051964636
386.5928361488377 -48.25806788243291
16.67799116428852 -48.3316182392963
14.562002275312855 -48.467984092371346
177.72640534412153 -49.009960461585784
384.32689529135195 -49.46756184762077
324.69599581384085 -49.4715220798342
151.0016322896572 -49.53573678786568
43.852620124283106 -49.68762473112008
183.34127349833255 -49.82497318668721
78.39155687110639 -49.95265712588165
98.7017179393059 -50.00150792260062
62.87985879522965 -50.202889227196664
109.38163036319095 -50.279836857705284
29.307279178804706 -50.654534341382515
121.27781986499116 -50.68760267339984
110.56458478143719 -51.041920870508434
206.4338766488859 -51.085604971692746
102.4338558222236 -51.2908805279021
241.4726532907428 -51.332704363802975
27.474532897014758 -51.414278511125566
117.36240735389445 -51.77695268940405
363.9500889038147 -51.801286368565165
191.47200245754615 -52.13345022408248
107.23231881454637 -52.30770457182264
169.81227367275585 -52.39559705930481
389.9084407858941 -52.42998496004675
45.91862502375541 -52.54682231079933
137.07276054805362 -52.634547947439145
82.79014794740226 -52.65809135077247
209.86611059478344 -52.7261446162497
75.72574409759373 -52.94561736803927
251.38614454224296 -53.035410466476456
201.55210700739084 -53.28285908604662
128.14228775678623 -53.449839489815155
306.7850662418027 -53.50428096706733
227.16057096294676 -53.51427263109136
348.9715533826404 -53.52251150909154
262.99909143685744 -53.71009186386953
338.5415609062722 -53.81133158883084
86.85551242700906 -53.83297022509592
315.4989417452222 -53.90247328368818
234.141668163583 -53.90377483373903
259.8834227578145 -53.953143123101384
202.93499738365054 -54.1183036932283
247.77063596816643 -54.21103824413169
278.99396807793335 -54.228091657232696
171.69500394404918 -54.23822441228416
79.49120464018036 -54.473299931608075
40.90356474358474 -54.48386826785033
192.4716822476134 -54.579124069880976
268.76391155957856 -54.59098657344334
366.91580561434745 -54.6753821622135
310.35059082637594 -54.78815816899265
161.09839816933638 -54.80087904112721
381.39450124048807 -54.84192946150226
92.7536231884058 -54.87478907035046
345.1227861908815 -54.91640789679344
166.79657297271967 -55.00520113898297
367.7655334359046 -55.14530116884409
176.12691768001395 -55.247875050728226
308.41787656557926 -55.250378728988245
360.0679990523868 -55.25832611098393
68.4114203002684 -55.3041151671633
122.64404891141639 -55.30724094877805
138.0891016679553 -55.35813853125557
67.44506316987007 -55.42329041730402
90.38771435191332 -55.428527970911276
334.52618041616876 -55.43959553521276
396.55631138984126 -55.49680384474824
212.8151659754818 -55.576922147334294
221.06252424353656 -55.76348763534934
371.6476232873324 -55.80358623943201
129.9250500490728 -55.878372616131855
264.6652244203029 -55.90233148374446
42.10318049166543 -55.94820637403819
237.25733684262593 -55.964087191820866
158.46590805549263 -56.04514369857087
142.2710954564033 -56.06238298581672
135.63988618229055 -56.088167651330735
99.83468836804877 -56.13528150510692
189.15607761055702 -56.22898413104272
115.81290367929022 -56.281601040215044
319.9975008005248 -56.371852550791964
207.61683106713213 -56.376820396478976
394.2237252130177 -56.39615400132009
288.57423273274446 -56.46221222879372
286.20832389625195 -56.47153585486304
114.09678670634145 -56.57116044687467
208.69981750637166 -56.584516165521244
330.8440265227544 -56.63459460047911
257.5008525914876 -56.65433887069728
332.8767087625578 -56.67749145478763
132.7241534612611 -56.68215407751834
61.71356570681787 -56.88372305357032
317.93149590105253 -56.88665364522906
222.99523850433323 -56.920652451018285
296.6549777024547 -57.04567106455302
355.2195520705607 -57.05071119362046
356.95233037334395 -57.10615686571334
156.5165324648615 -57.1220618103179
219.89623115512478 -57.30696014986971
164.5306321152339 -57.316208812302705
213.94813640422467 -57.33168903344079
274.1621824259417 -57.364614990355534
294.8722154101681 -57.368698255067386
179.39253832756694 -57.43059706963419
252.9356482168472 -57.43185442290876
124.54344051254415 -57.517479431998154
211.3656302798843 -57.54223070755937
349.88792652353544 -57.557881374216386
155.35023937644974 -57.597454921934855
376.8459581956821 -57.649898042582244
229.04330123424006 -57.688547586264775
304.75238400199936 -57.75164802890888
154.31723692671358 -57.761657933145
299.4874037743119 -57.92115063075503
398.4723643208035 -57.96839037995891
346.25575661962444 -57.972937571624925
165.71358653348017 -58.02594532145243
322.46337761602405 -58.026821334535235
119.27846028485666 -58.04111825107394
254.5018132212859 -58.191484990705604
172.64469974461304 -58.19223697960906
159.86545976158678 -58.25706680368884
270.8799004485542 -58.27825256626245
59.96412607420019 -58.29686689411418
301.8866352704732 -58.447213788944275
303.80268820143544 -58.45321386087936
358.18526878109355 -58.49237421422761
157.43290560575647 -58.53136047021341
280.41018111386194 -58.539812872253904
243.83856212723526 -58.604597469266764
277.6277390315081 -58.60731733151673
144.10384173819324 -58.61196658901913
131.10800446731906 -58.7336333865689
185.3239717486326 -58.75168932119174
181.57517253588043 -58.82958964501402
275.6117181215392 -59.00118258948228
224.22817691208283 -59.00232570182321
235.32462258182926 -59.04521264502428
323.5297027254291 -59.07162559341558
374.76329196637533 -59.08147516456198
309.41755635564647 -59.2601414138059
362.7671344855684 -59.374561463558194
204.38453307924806 -59.5090403920899
321.2471005381089 -59.51522761440758
314.31598732697597 -59.52290114769166
369.5149730685223 -59.53855871489408
225.21119537231561 -59.54914207140813
399.68864139871863 -59.64759492978384
351.7706567948287 -59.6514940937217
393.22404542295044 -59.69502449721847
285.0753534675091 -59.791040118072644
353.1202245114195 -59.8381868085744
245.52135644051515 -59.87459255376141
341.89048820299746 -60.21781955603324
361.3009374601364 -60.254203752381024
319.13111164913323 -60.30232816772538
230.6261275685132 -60.41932538564089
197.8033077946387 -60.50432797646825
313.19967822806757 -60.5084023168252
139.57196002322172 -60.5787060345699
232.9087297558334 -60.80783664369203
337.50855845653604 -60.85013841028911
140.9215277398125 -60.889265398873924
173.79433150319036 -61.034131650493165
329.56110412550146 -61.03664823946762
298.32111068590007 -61.129132534687386
328.0116004508972 -61.90226905738691
261.3496197832465 -62.10428371658157
385.4098817305915 -62.44808238682633
391.9411230256975 -62.477287607519784
