48.63442178677142 22.89959471656206
24.40884820747521 -10.03390387669983
72.85999536606764 -10.639160275563201
243.15544760402267 -16.89501764393119
22.542779266016353 -17.08786964357952
74.72606430752649 -18.204914714384554
311.1503346584297 -18.92498627928737
5.564884164707658 -19.819592379238117
145.90326536031426 -23.14079325619258
340.4242911775655 -23.768176283331915
97.26884357354284 -25.411488267870393
3.5655245845731702 -27.920815203475573
91.70395940883519 -30.129924754362396
71.29383036162895 -30.432914763900772
84.97278215571575 -30.63597073543728
12.296061417827103 -30.787976249365148
37.504653457356106 -31.700870853494596
19.926950482007065 -31.797418377019614
194.52102581725123 -32.70901812872217
267.38102118331886 -32.71560212827141
218.92987402472644 -32.716339987354864
337.8251237233907 -33.97946931629138
168.5626739351718 -34.62090721983825
217.0638050832676 -38.05821164920406
134.7568357010645 -38.23760683900242
96.00258250612434 -38.28217306373706
389.0587129643369 -38.85155200791595
77.34189309153578 -38.86828151925662
29.65716710532824 -39.44430981790064
33.70587025510058 -39.78109739959019
116.62930884117847 -40.09939917394499
286.9247610791335 -40.67296086610983
7.8974703415312275 -40.90282027770335
269.24709012477774 -40.9638772605868
335.3759082377259 -41.27785401541379
191.22208251002934 -41.56850817533191
384.19360465267636 -41.58081354171315
195.4040762984773 -41.672577583140004
364.64986475686175 -41.75055104296706
316.1987175982693 -41.890480040836344
238.47361392054106 -41.90950180312252
14.728615573657395 -41.91874072096794
78.47486352027866 -41.95176870971983
9.29702204762537 -42.2921220857307
27.00801566165004 -42.59943124505332
240.55628014984782 -42.974361650270964
2.5991674541748346 -43.32876219562778
51.23358924094626 -43.36433991155008
292.67291987202015 -43.48390288001804
100.81770682828156 -43.67317189335436
80.55752974958541 -43.68418667509709
121.31114252466007 -43.779348887710746
281.54315154260485 -43.804152238309335
288.49092608357216 -43.86646653752112
152.33453867641353 -44.03948400255674
148.41912616531684 -44.13700448662561
1.266261067418509 -44.408578697205066
70.24416658205834 -44.52875634446604
10.596605774712787 -44.64253172497197
200.0859099819589 -44.85053711866246
249.60338224995638 -45.01907296447255
55.74880962608331 -45.18917978635693
63.54631198860781 -45.297181251369175
35.17206728053254 -45.37324474591617
120.41143071359954 -45.4099108689947
177.82637332312825 -46.12709155320372
67.11183657318098 -46.15089545902037
16.611345844950705 -46.21966132540823
378.7953337863132 -46.33425248249855
283.2092845260502 -46.396457308629834
342.94015198256807 -46.69931649640093
17.661009624521313 -47.06537521739434
380.96130666479223 -47.2201687417986
46.03525433259659 -47.25361255529438
324.59602783483416 -47.36644326645637
109.28166238418423 -47.39753850102725
245.77127638803194 -47.822522853146516
106.56586562116821 -47.83575966241239
387.7924518969184 -48.40358188980836
285.05869213767465 -48.45511165495035
98.81834724814708 -48.47270791244745
61.03045118360525 -48.548752785940366
314.3326486568104 -48.660999320825404
366.51593369832057 -48.67604601270224
62.08011496317585 -48.72278194303029
43.58603884693184 -48.81625782417734
105.14965258523962 -48.90346673319951
82.523566670051 -49.01685553233653
94.91959606688482 -49.053617067013136
291.7898693907941 -49.17826001421225
362.03403597285245 -49.235583749313996
382.31087438138303 -49.26573154854291
158.2992947571481 -49.83609490598556
359.78475644520114 -50.36459832885268
297.35475355550176 -50.660337906879754
170.11217760977604 -50.718751971142375
165.7968931826524 -50.724725012468696
122.72735556058866 -50.73948290426793
262.51591287165826 -50.87063950059786
206.81708723507833 -50.87942574898998
192.18843964042767 -51.83165964109198
164.38068014672382 -51.93093358439841
279.493807972967 -52.09100706950596
367.6655654568979 -52.194517625272816
107.84878801842117 -52.32221329493851
209.76614261577672 -52.45922797715952
137.98913368894858 -52.52684220369779
390.30831270192095 -52.58943544037456
255.5514770008565 -52.7089666763151
86.82218976734015 -52.77782234588866
31.839801313641722 -52.779559991688906
251.80267778810432 -52.84833400220899
193.27142607966718 -52.96582480833664
58.11471846257579 -53.07176167397974
332.32688487802085 -53.38848200601276
102.8337277382505 -53.53871728103075
175.1605605496156 -53.82607999883904
79.55784995951817 -53.8385671150966
90.18777839389986 -53.94985948932604
272.42940412315846 -54.04783049359645
214.4479762992583 -54.0667653871101
166.69660499371295 -54.18768131509108
307.0183248594851 -54.253376193417715
232.54218049947542 -54.38056206973852
219.9961991341315 -54.399384987551656
160.81515556215066 -54.4076829626159
53.66614339677655 -54.43222228352287
208.8664308047162 -54.58165542439257
349.07152136164717 -54.66823834201924
394.6235971290446 -54.93238927734342
130.79143920046442 -55.09235209820995
230.75941820718884 -55.143401988255725
39.15412511096706 -55.186810741861514
59.9974487338691 -55.30968883336627
143.28743657630497 -55.45030281995373
295.35539397536724 -55.5379884298251
221.54570280873574 -55.57787602462716
111.99745914720025 -55.759372328604876
344.9228502328681 -55.788782803421306
40.3370795292133 -56.0569492315749
52.78309291555048 -56.08410628152294
228.42683203036526 -56.13290731309137
132.84078277010227 -56.19654201066368
65.31241295105994 -56.38507507285635
258.0839991356935 -56.40156811505508
41.386743308783906 -56.447312418913434
69.0278895041432 -56.4746145535183
110.1647128654103 -56.512040927462245
352.8203205743993 -56.51645158037913
140.83822109064022 -56.54029809787786
171.99490788106934 -56.810500468257224
373.53035355862573 -56.98468989624099
157.0330336897296 -57.10642327756261
235.25797726249144 -57.260918598586954
176.92666151206774 -57.311715470403236
317.33168802701215 -57.33141023628635
126.45949344350637 -57.404594427562834
399.6719800688842 -57.44523738761206
264.781853729144 -57.45811071189045
247.6706679891597 -57.587035739540944
66.22878609195492 -57.723946087684574
306.1186130484246 -57.77527241977632
253.68540805939762 -57.87779339655669
252.83568023784048 -58.06525079979455
328.02826178073167 -58.313943269049766
398.3557350119623 -58.3842363313685
376.7626515465098 -58.41285702283576
155.38356203611863 -58.48657187712097
114.01348005716919 -58.598587910942314
127.54247988274588 -58.61408647680215
199.15287551122947 -58.685517984327305
350.0878624815489 -58.749720690445194
185.22400376962588 -58.763612717028074
318.79788505244414 -58.797565285454226
129.675130101556 -58.89947704773192
233.80844156689392 -59.06004709752842
325.5124009757291 -59.22838583619253
225.01125941430217 -59.2961417278947
350.93759030310605 -59.385742214096545
203.83470919471105 -59.417150578390874
396.37303676166226 -59.484821515351086
301.08689143841946 -59.54390934951547
205.56748749749428 -59.61805489437111
321.48035915579123 -59.635934723871706
319.7142581933391 -59.65536004817244
117.71229528041799 -59.7402127738992
224.1282089330761 -59.76538700525912
259.7667934489734 -59.898078144760866
215.44765608932553 -59.921701603044994
180.1256368402829 -60.04568195744397
150.91832564048494 -60.1436353619823
136.389646024841 -60.22277998976017
369.83153833537693 -60.31903486838085
139.9385092795797 -60.390182699754455
181.95838312207286 -60.44949868369867
304.18589878762793 -60.45531786568929
202.6184321167959 -60.59187372513156
355.3361813794019 -60.69913919892982
372.08081786302824 -60.745863284353106
289.7905098106596 -60.77708203978136
331.0772851404368 -60.8299805511046
154.2006076178724 -61.25844754549451
374.64666265753414 -61.341208780292995
274.81197428948536 -61.402766825674966
354.21987228049346 -61.42555770205062
327.1785339591745 -61.513214931287884
183.4745641370082 -61.71421084769063
386.44288418032767 -61.72375296756034
356.219231860628 -61.732229033202884
250.5030940610169 -61.74549792232523
179.10929572038123 -61.93371444583946
265.8148561788802 -62.01254747975216
309.10099108879183 -62.029038250585614
188.68956037519231 -62.03534035167053
187.22336334976035 -62.113239395675556
347.8885669434009 -62.35321167090606
357.8687035142389 -62.663598885999384
397.48934586057067 -62.676600129161976
223.1951744623467 -62.6928770710843
302.8863150605405 -62.712119459032074
299.4040971251396 -62.719046045400745
362.9504091137474 -62.89406016891061
371.081138072961 -63.33417307872296
368.915165194482 -63.40459167938679
345.98917534227314 -63.431358469566156
276.64472057127534 -63.43406870383063
197.05354795208825 -63.4739814627278
392.5742535594067 -63.50134219536134
277.94430429836274 -63.642379636484556
239.5566003597806 -63.68514785226532
329.1445708796401 -64.85552165436336
