48.63442178677142 23.30022112363099
72.84333403623319 -8.667491324948974
24.40884820747521 -9.342839212966416
243.15544760402267 -15.644202920587155
22.542779266016353 -17.18829532376875
74.72606430752649 -18.298385144425055
145.90326536031426 -19.310686220635972
5.564884164707658 -19.62736521173818
97.26884357354284 -22.4646463342561
340.4242911775655 -23.09370972913534
311.16699598826415 -25.374726700707697
3.5655245845731702 -27.150779768051375
194.52102581725123 -28.665170948505274
84.95612082588129 -28.75880141802017
91.70395940883519 -29.689272500231848
12.312722747661557 -30.62542855475281
218.9465353545609 -30.636427550692368
337.6085264355428 -30.97096069658304
37.504653457356106 -31.4110025556899
267.38102118331886 -31.878952860654316
71.31049169146341 -32.64042003526336
19.926950482007065 -32.782855516136
21.609744795286925 -33.0911949882907
75.65909877825592 -35.49050038048749
29.65716710532824 -36.451579440302964
389.0587129643369 -37.15981790351028
134.7568357010645 -37.59218920013335
95.98592117628988 -38.0131524239765
33.70587025510058 -38.21164043294497
217.0638050832676 -38.22188983209902
168.57933526500625 -38.30558906634113
364.63320342702724 -38.97051913867134
240.33968286199993 -39.63117624714517
77.34189309153578 -40.15571915276873
195.4040762984773 -40.64676646116544
78.47486352027866 -40.87273197621922
316.1987175982693 -41.04835326112777
27.224612949497946 -41.221531159763074
9.496958005638819 -41.49814628102008
80.55752974958541 -41.50338458602978
7.41429177633206 -41.591560962517846
269.24709012477774 -41.64532316081031
100.81770682828156 -41.70530382749981
238.47361392054106 -41.88878580727205
51.45018652879416 -42.114752557830364
1.3662290464252336 -42.219742735316444
14.711954243822941 -42.63649189894545
152.33453867641353 -43.042715569190094
292.67291987202015 -43.17066496834633
70.02756929421045 -43.36907951106997
281.54315154260485 -43.40533510941487
191.25540516969824 -43.69952699896562
116.6959541605163 -44.22727209803014
200.0859099819589 -44.339314585681194
55.74880962608331 -44.39157517280367
291.7898693907941 -44.68433673234949
335.7424574940839 -44.68835956891483
283.1593005365469 -44.82263824714196
378.7953337863132 -44.830035511968106
148.45244882498574 -44.84417684916197
288.52424874324106 -45.20472964023544
16.7946204731297 -45.32055338684718
63.54631198860781 -45.4837174921834
177.82637332312825 -45.52463451885923
249.60338224995638 -45.91070573117123
380.96130666479223 -46.03254234391404
120.41143071359954 -46.074934819092654
98.95163788682271 -46.60756365908968
45.81865704474868 -46.88265683809241
313.399614186081 -46.988221344706886
245.9712123460454 -47.003286731680454
87.57194960989058 -47.085358883097385
109.28166238418423 -47.087221643402096
121.4777558230046 -47.09904834590021
342.97347464223697 -47.105659737775554
324.6126891646686 -47.1568486156995
387.77579056708396 -47.457650731901296
384.2102659825108 -47.62424682426606
366.51593369832057 -47.69487905151572
314.3326486568104 -47.705607964918066
286.9414224089679 -47.99693146711448
361.8174386850045 -48.33005298701947
79.62449527885599 -49.214983231399785
81.84045214683837 -49.2777077665075
60.99712852393634 -49.53373006666357
35.188728610366994 -49.69438424422314
143.08750061829153 -49.72794734503064
94.91959606688482 -49.76755120057297
106.56586562116821 -49.93142430121148
62.0634536333414 -49.99161187775848
158.2659720974792 -50.15902655497782
32.22301189983417 -50.16487530187359
258.0839991356935 -50.53585805936764
170.11217760977604 -50.580885973802125
40.820258094412466 -50.62985279384864
38.937527823119154 -50.649501896041826
44.11920140163437 -51.06411760400985
57.73150787638335 -51.140314492081174
206.53384462789262 -51.2181627534157
89.45467988118389 -51.23731426618397
105.0830072659018 -51.38999555759389
251.80267778810432 -51.43110347246454
255.53481567102205 -51.639618735345756
279.4771466431325 -51.71561197562958
30.89010551307784 -51.76254942018354
67.1784818925188 -51.9503840689676
93.38675372211505 -52.389063365460295
209.76614261577672 -52.411834143955204
349.07152136164717 -52.79641527027552
332.32688487802085 -52.88454170282848
131.29127909549806 -52.90363791052527
53.2496101509152 -52.931497193422075
214.4479762992583 -52.949105608938034
297.35475355550176 -53.06183152133432
137.98913368894858 -53.19584323152327
228.24355740218627 -53.20920550665906
221.76230009658363 -53.317190072606394
232.50885783980652 -53.334755769632594
363.70016895629783 -53.409075066142584
367.6655654568979 -53.42474723470853
296.48836440411014 -53.49560728130764
270.4966898623618 -53.56306776827206
161.0150915201641 -53.612968329508995
101.75074129901098 -53.69390026354261
110.13139020574138 -53.886713769138304
325.4957396458947 -53.954518221892165
193.25476474983273 -54.1139057437742
164.34735748705492 -54.16081409845897
359.8347404347045 -54.23651921609037
157.0330336897296 -54.254604771110245
132.65750814192327 -54.362648398651274
264.5652564412961 -54.369913458854825
103.6334715703043 -54.37696251484583
317.3650106866811 -54.68455586565157
112.73055765991622 -54.76937719321779
376.74599021667535 -54.84035074429735
59.8141741056901 -54.8437613781128
285.05869213767465 -54.873237229393425
319.01448234029203 -54.93876355731202
307.03498618931957 -54.96984055747533
272.9958893375299 -54.995306609569795
204.96767962345393 -55.17945017376726
344.9228502328681 -55.28632600628535
124.29352056502734 -55.315629777203306
123.24385678545674 -55.337249167842195
139.15542677736036 -55.362699960778656
295.35539397536724 -55.45468714655425
166.69660499371295 -55.50307269444332
65.02917034387423 -55.60136900226381
394.60693579921013 -55.62587744631255
352.7869979147304 -55.63917707934331
374.58001733819634 -56.04409487352089
180.34223412813083 -56.126320867253064
351.0208969522783 -56.137935192999954
213.31500587051542 -56.14876600886503
390.32497403175546 -56.18934926251061
165.7968931826524 -56.26201613164192
162.5812565246028 -56.278331644089434
54.2659512708169 -56.39601290892561
126.5594614225131 -56.447420656526305
175.82701374299378 -56.588573855198725
224.4614355297652 -56.716293779746174
118.84526570916086 -56.74134180278604
114.97983718756753 -56.75751302343259
179.4091996574014 -56.81575480947291
355.3361813794019 -57.00964522031474
113.96349606766582 -57.06653289027656
128.77541829049548 -57.09977656073249
144.3704230155445 -57.11321817385298
183.541209456346 -57.2527462582094
254.40184524227917 -57.26321891192264
262.48259021198936 -57.28165640125315
247.65400665932526 -57.29792058102704
230.79274086685774 -57.55573639404795
252.83568023784048 -57.60497823835937
127.75907717059378 -57.64086416573586
154.8170768217472 -57.70192549499387
328.8280056127855 -57.80682896482106
216.13077061253816 -57.90352706954265
211.38229160971875 -57.971403378119035
274.6453609911408 -58.01539516093656
201.70205897590094 -58.05925223610632
142.17112747739657 -58.256661689542575
140.7049304519646 -58.261816088839254
396.25640745282107 -58.33760565988564
334.19295381947967 -58.4096423095853
208.78312415554393 -58.45620765595487
235.058041304478 -58.48905251705871
372.0308338735249 -58.52615769547677
171.99490788106934 -58.54122570757703
382.2942130515486 -58.54733479857365
188.1563978204898 -58.618526520215084
386.24294822231417 -58.67259407683112
173.6443795346803 -58.70633180312539
203.0682880223262 -58.87151513752721
259.2836148837742 -58.89829196206068
342.0904241610109 -59.01845434463034
290.39031768469994 -59.02890700275529
197.45341986811516 -59.06880648360841
186.05707026134857 -59.368923695427085
176.95998417173664 -59.54491430998077
223.0452224938366 -59.56137684740823
304.0859308086212 -59.583482684600995
331.04396248076785 -59.677534096451026
346.6556285356513 -59.72218121579615
321.0971485695988 -59.738022494470265
226.5940857485753 -59.91704477115695
397.7059431484186 -59.96060637853362
300.4537609047102 -59.97786821104849
302.38647516550685 -60.262052413838504
373.64698286746693 -60.27569012434492
357.4854929280465 -60.32726082309456
261.51623308159105 -60.34719742353873
278.59409616190646 -60.52492903833338
399.7053027285531 -60.54617630406756
299.2208224969606 -60.54639452844157
277.46112573316356 -60.606381547098664
391.87447770635964 -60.748370982465936
358.76841532529943 -61.72672693861621
275.7283474303804 -62.32772668831182
