48.48448559591771 25.06356222684761
24.333880141868665 -7.381704922413891
72.63509104996676 -7.962231689837037
242.40576664433223 -14.809978474757424
5.4149339583069604 -17.353253760217402
145.44512612012497 -19.231250262787828
339.37473783616764 -22.174574589477587
96.96064052420725 -23.092455728834167
311.3253799321376 -23.928463988429105
91.54570656590029 -27.106134382399173
84.7062284431772 -27.49282659992618
12.254412081030061 -28.79648571127841
37.646287011675625 -29.933522826070146
193.92961171604267 -30.181216530930527
218.2551611902832 -30.259676351703376
266.55637209838125 -30.31493571540894
71.46046691439555 -30.37930560895479
19.76867428163449 -30.414645364779833
336.82555354194926 -30.635693199420285
21.784695847650312 -32.01958927998459
168.4211074386028 -34.32679293563182
134.61525820351105 -34.80338038807952
95.08624030787023 -35.67548983991086
75.17594467655694 -35.914088460123736
234.041776345655 -35.95542127501823
20.435127691887654 -36.15148680392639
23.292546688348096 -36.55119019674988
387.85089276445717 -36.56494548812805
18.52740480503797 -37.89190021534218
42.861284946906636 -38.33423295865108
77.19196624257276 -38.42528701003315
238.62364354114553 -39.24253698616208
70.0859067557484 -39.26295138597728
80.71583864928637 -39.305856228061685
26.874733768458853 -39.47777708573853
315.2241323821186 -39.5031179835253
363.5253432902167 -39.74383981672031
195.55409190353475 -39.84483730687444
331.01074753749043 -40.40185257652457
152.49287093355218 -40.47419084752679
239.86491301774203 -40.58656745414708
8.380651633933542 -40.83715353037284
199.34454567434963 -40.96269761602327
292.52306309537016 -41.416576826598835
51.0253392225079 -41.45830172281415
52.23328602859176 -41.67728657498767
149.193926552799 -41.73518952736434
102.25061446809175 -41.799341287231535
335.5842840653528 -41.99499145804449
281.6848645111281 -42.21685047442375
70.977288191962 -42.38150357803971
378.65383570296353 -42.65938307064246
249.45351145775945 -43.07117637778646
21.143234440281642 -43.2645448299688
54.107686244928786 -43.35332126581844
45.935301301699354 -43.8102057442597
25.99168299987341 -43.83715267310715
117.40409888372308 -43.94377704262027
177.67647917349362 -43.983125510433986
9.955147815656643 -43.98492515582444
343.1235382688417 -44.07933914202474
244.95495093855058 -44.10884020662556
120.26151788018352 -44.185855775150536
59.06443348368669 -44.304006362782225
324.75441614873887 -44.35001944918603
29.77380610306012 -44.503674103118065
0.06664534102531644 -44.65408251986768
115.48804532924522 -44.865702965530545
34.12241460496202 -44.8805441331921
121.1112459782563 -44.93087494695296
282.96778732586546 -45.14876874686604
22.60110127521044 -45.18411482775292
109.42331929594143 -45.20345954727295
191.4054194247088 -45.21117445371161
1.7910935400553794 -45.39269293683234
11.487990659238921 -45.39305775904658
50.358885812254734 -45.396584530954605
31.614883648884486 -45.61497039269609
384.1020923317831 -45.67189097666508
4.490229851580695 -45.75819734727484
2.7241283144098096 -45.95083423811368
360.97615899599833 -46.1314162734493
1.0246721182642402 -46.30199983771424
75.81740608392562 -46.34547796709128
290.89025224024994 -46.426545138923814
10.854859919498415 -46.4745312377733
385.9764925481202 -46.49706733669347
78.25829169897783 -46.55275654383897
9.122081052840187 -46.617185715463535
180.27564747348097 -46.634610623143
287.1747744780885 -46.65440916273872
137.94752525477688 -46.74562625287805
7.02275281054272 -46.81753619402722
379.93675851770087 -46.828376308899784
74.35953924899682 -46.89600804930643
288.37439061654425 -46.95022459424545
62.83822591924524 -47.12503260779701
147.319526336462 -47.12567903568732
312.67494808790025 -47.17761365617735
13.37072154320411 -47.22686544882424
169.595731574174 -47.40100184482599
14.79526570762025 -47.58401282836562
3.498880403829113 -47.59615348560288
6.256331388751581 -47.626092505777784
98.51014470304587 -47.73219628365908
67.18683442114714 -47.8808533547938
206.18402379707274 -48.406564314276125
278.63584015921987 -48.54497310658902
16.719649929726263 -48.64062378824386
188.63963777215818 -48.68715452069252
96.41914712837657 -48.93661470944303
244.28016686066925 -49.20084530416552
80.09103857717403 -49.23602244743307
139.63865078329428 -49.26874033797114
59.73088689393986 -49.60612534762615
220.80434548450154 -49.71644143978753
382.22769211544613 -49.72997396707357
88.58831955790188 -50.03766152044369
35.05544937931645 -50.03982679770985
126.50118793367876 -50.097793252363054
285.26705159123884 -50.294677461052025
45.39380790586866 -50.33651087105889
94.23651220979745 -50.366764630785276
389.7252929807942 -50.41897291995497
73.78472318265347 -50.482118638609
104.94975077961706 -50.53941857535806
296.3051861985569 -50.61389892119107
241.6809985606819 -50.648712025467695
13.812246927496831 -50.684714795472736
118.03722962346357 -50.73400228030989
192.03021949682116 -50.78559887254311
367.8239677863496 -50.954071164061965
99.326550130606 -51.06000965915174
255.53489882631956 -51.07426127161216
40.4953753405079 -51.22671423690667
397.2228938461423 -51.248088379279146
287.8162358854572 -51.30999141776713
251.96104241383696 -51.43406626990035
333.75153718715654 -51.436189747842754
209.91616289449047 -51.61512118915894
106.33264160589238 -51.97563338049034
32.6228944318924 -51.978110828968056
28.399245944412968 -51.98416556270653
341.91559146275785 -51.99965463954999
253.65216794235437 -52.0604879946859
248.0289672933433 -52.072919114356246
277.23628799768824 -52.16565539816461
235.0997711344319 -52.346628293043125
87.00549270855062 -52.34965097307068
142.89594182590662 -52.51618533007718
304.0110537546091 -52.53136831734187
352.4955393505268 -52.53545886035604
108.44863118344618 -52.543896475429165
82.22368948998415 -52.64071025265003
166.8466112568797 -52.66449697942301
348.7467389178528 -52.69719895786539
306.8768034186977 -52.73337000127368
240.5313664279952 -52.861790638093424
156.2749940367389 -52.94375055408015
274.0206502932167 -52.99899658456771
393.47409341346827 -53.06289775190445
86.10578060470884 -53.06475088562724
112.83056235586074 -53.12095636440582
46.61008537958069 -53.12561816782735
122.46914480164712 -53.21947986588649
190.18081128336863 -53.28056370655872
267.3311241878006 -53.311614062111325
236.96584068314075 -53.39269847793771
92.51206401076739 -53.54084299222882
223.92001517743506 -53.6689467601387
38.99585516743828 -53.67237905616622
213.69828599767717 -53.67863324467955
207.05041323040186 -53.68990715846085
93.2118400915332 -53.774572713164986
261.1164461371898 -53.778119908910064
220.17121474476102 -53.77939986085796
249.90336750968032 -53.8334563473621
61.90519114489081 -53.83864876216712
126.95937465322781 -53.8906724238711
44.619055816449354 -53.907547621775485
95.93596840594302 -53.96284709949622
27.66614719313449 -53.99370337164245
32.13138504183069 -54.03225967286263
40.986884730569614 -54.088077029391684
65.34575687532276 -54.18773622735117
341.2491380525047 -54.21690570889024
33.23103316874841 -54.23509598243328
337.50033761983065 -54.33603212770177
164.25577362452054 -54.414338796654
83.58991898100315 -54.420758308634326
152.94272698547306 -54.50896785175786
354.3699395668638 -54.51656597469296
215.71430756369298 -54.5259879071045
263.80725178108696 -54.59384881127633
41.420079447234166 -54.68906117029269
110.08144203856644 -54.70233903875707
309.4176570452879 -54.86254517852182
216.42241431208697 -54.92717681173773
320.3724849763243 -55.01681316548133
147.99431041434332 -55.033103384310515
97.87701396330536 -55.06797590349433
316.8736045724952 -55.11153363515236
358.08541732902523 -55.13636510331776
252.97738386447304 -55.34228778065876
151.06832676913604 -55.39752563438691
229.28496512997305 -55.53062985315586
81.70718809703796 -55.53217138852181
154.81712720181008 -55.540625191483
246.15456707700628 -55.55952800032522
136.07312503843985 -55.6086577733864
113.32207174592244 -55.64219700716196
57.84815600997467 -55.68628394617277
331.87713697081955 -55.734655205383696
177.0516791013813 -55.73747076470911
310.4006758254113 -55.76150348984182
317.77331667633695 -55.84170000481385
364.300095379636 -55.846599007563164
165.80527780335913 -55.96436201470164
89.93788771366454 -55.971178629839756
212.64029120890027 -55.987274096893145
344.77301045921826 -55.99746089701048
398.8473740336344 -56.05622671840937
158.5742583021123 -56.10584569160835
225.536164697299 -56.13083239675885
146.8030249435158 -56.141233770148375
391.5996931971312 -56.17734458555518
67.83662649614398 -56.248088976331594
203.3016127977278 -56.25517386106697
275.89505050955376 -56.317635980580384
222.30386565757115 -56.33352335173692
270.4551245483623 -56.43339949059645
359.84318819856793 -56.45705074605946
279.6438509422278 -56.526291374262996
125.35988646862022 -56.53143018895678
175.17727888504427 -56.57262490176887
369.10689060108695 -56.58190085139673
349.9380243886803 -56.58460932977749
171.4284784523702 -56.62529744816835
162.3147280671582 -56.636063505740374
350.6211391341898 -56.66925708366039
36.61328422578322 -56.7677641349429
374.73009125009804 -56.78181666554152
87.84689013899524 -56.80883049915392
69.09455730799682 -56.8122477905223
160.18207715434806 -56.83953534028145
233.0337655626471 -56.9631815458267
173.5694600328085 -56.971418703852635
90.5127037800079 -57.03870396862049
101.49252371392878 -57.068866823700695
51.55850195071043 -57.083889785126644
231.15936534631007 -57.096042811106734
124.3768676884968 -57.11545839246552
326.25393632180845 -57.28977808129188
396.53144843300464 -57.33312270068323
100.95936098572625 -57.357929294382224
36.038468159439866 -57.39099435372969
63.729607355458846 -57.45131707667519
127.5508520548275 -57.47599547826412
385.310039137867 -57.486776376195685
214.54801409574995 -57.590976003343854
322.49680522150624 -57.628920703478116
167.93792871616927 -57.654025664865266
132.32432460576578 -57.66176506956427
267.87261758363127 -57.67267964661118
137.45601586471517 -57.69006522751554
89.47137032648732 -57.74403572194252
302.40323490237336 -57.77408385191931
395.35682429743343 -57.77648704619698
272.40450077335277 -57.827762301092584
68.42810389774365 -57.84227671191142
119.46177378787972 -57.87505765044426
180.80047953405534 -57.886902066619136
61.130439055471506 -57.945811591561814
52.81643276256328 -57.96639467825184
197.67841214871672 -57.98494437738395
100.45952092803637 -57.98694469942768
305.627203274473 -58.00731230097822
375.5964806834271 -58.033192798503215
201.42721258139076 -58.067464225496884
118.96193373018984 -58.095813800765
112.0641409340696 -58.10267886415331
64.82092481474841 -58.14076206010041
103.24196391584333 -58.27267504344453
53.30794215262499 -58.31975582350068
372.855691033761 -58.371773309212465
376.60449146643504 -58.40508471391596
298.3961837732262 -58.42131178665426
113.83857313886864 -58.49941477354965
208.9164827791107 -58.506252612089526
111.28938884465029 -58.62253484071053
330.0027367544825 -58.68292581778791
257.4092990426566 -58.69083233367345
131.39962049903951 -58.691594375240584
210.7992136630759 -58.697349477345256
262.8408943362199 -58.724049199362184
65.93723427692245 -58.755630607005486
141.69632568745092 -58.765763817731916
58.389649405805365 -58.76946689456472
346.87233870151573 -58.805311329266004
186.43201085069458 -58.883640325041945
238.14879548634013 -58.95685158103378
182.67487975039236 -58.991521689753064
55.47391573594777 -59.07984333579583
190.6806513410585 -59.0872666509409
130.44992438942876 -59.157330442136306
243.76366546772306 -59.17254745978821
128.56719350546356 -59.246485795815396
384.7852070772926 -59.371875926406325
303.14466432128 -59.37886727194108
143.8373072678892 -59.37899739184942
289.98220946878 -59.40606766593072
123.78539028689713 -59.45973243264285
54.85744633146359 -59.60293678774722
367.2324903847499 -59.62741589801226
55.98208646126581 -59.70932334027839
258.75886719841924 -59.74406376157531
264.9068999080047 -59.850965749697174
355.7361690578828 -59.88066193211517
361.60928973573886 -59.898634033087056
114.82159191899206 -59.95927207709164
313.3830548362942 -59.985753495704834
124.90169974907117 -60.07201815635505
268.6557003406787 -60.07711565114122
56.46526518369935 -60.11212368670132
214.99787014767082 -60.165754810514365
321.95531182567555 -60.19895225466272
366.06619691680686 -60.218552886475614
158.0577569091661 -60.232756329695235
274.52882101853476 -60.30322433936419
129.44191360642085 -60.32209287004931
369.62339199403317 -60.3473340648153
277.76945072589075 -60.3930139370749
184.55761063435756 -60.405726963707764
144.27050198455376 -60.544636622755114
301.87840284179896 -60.59209581807585
300.2622533219351 -60.595271933562195
256.10138422503474 -60.59621793325076
323.01330661445246 -60.63556774673585
338.2834203768781 -60.6714146414998
64.27110075128954 -60.712881643153004
132.9991086836471 -60.78604865615711
170.6287343600664 -60.90167993932041
133.548932747106 -60.94389095921857
179.1843300141914 -60.956040922526945
255.01839743337337 -61.0075434633244
121.93598207344459 -61.04613461284583
371.23954151389705 -61.06860521837549
160.6902478796661 -61.09408826872757
135.55662364549363 -61.3145953586133
353.07035541687014 -61.34383019547167
138.67229333842718 -61.348187286112044
372.07260827671354 -61.35680727885443
178.67615928887338 -61.40477161791103
203.80145285541766 -61.55615365513351
307.76818485491134 -61.61272439178587
114.2717678555332 -61.62208168329925
172.66974792896673 -61.65192519800627
153.43423637553477 -61.704306661516654
347.58044544990975 -61.726370907557815
365.60801019725784 -61.733033611656
185.9321707930047 -61.744611812308904
299.5458159059129 -61.82462099325568
228.0520263210047 -61.893134511727986
150.01033198035915 -62.0823239548975
167.42975799085121 -62.120158229934795
373.36386175907904 -62.14236785740612
246.67106846995247 -62.16512432076911
294.3641406411945 -62.17877766623685
172.2032305417895 -62.30323088402046
228.76013306939868 -62.36761797148099
230.03472521650787 -62.410843282796456
198.90302029005693 -62.46147841142232
386.7429139699113 -62.51972055825834
300.7954160501376 -62.522322975014596
318.7480047888322 -62.533742728088725
256.6345469532373 -62.564897898051335
293.4394365344683 -62.64852337248391
252.38590646287335 -62.683294867336826
161.1567652668433 -62.71460503885931
308.2680249126012 -62.72562224769137
259.808531319568 -62.738700362438216
140.9965496066851 -62.770376965253206
351.9873686252088 -62.77139404648276
261.9578435676344 -62.86034921518407
222.87035105628635 -62.871992623347325
155.3586205976408 -62.87525784308455
176.176959000424 -62.89961986328327
279.13568021690975 -62.906831005419185
390.49171440258533 -62.95344274294948
304.5275551475553 -63.067057654075576
332.41029969902206 -63.06916134378719
328.1283365381455 -63.09420090470902
194.6293877968085 -63.1240191118201
248.7370740417373 -63.12802437103619
178.12633522541452 -63.14963938723319
187.53998964524047 -63.24985411580651
295.11390072772934 -63.2608540261651
250.76975694300944 -63.41925108633205
154.00905244187814 -63.429967646373576
239.18179827223253 -63.43582150498671
260.366686050655 -63.45333551213245
231.85914142707588 -63.702408916809894
393.02423736154736 -63.70639255317311
165.1138323902215 -63.71951188877373
200.99401786472623 -63.72250433997298
377.1126621917531 -63.73792820427917
299.0792985187357 -63.75479727309894
342.59870620826734 -63.81332303636818
362.98384989438597 -63.882434241712474
204.51789027143982 -63.96006301998839
328.63650726346356 -63.960961385342465
204.98440765861704 -64.00047623751853
356.2360091155727 -64.03446237222256
349.4964990043876 -64.08521034974514
332.9684544301091 -64.09382086144059
327.5201978012895 -64.16998516914377
254.50189604042717 -64.20870534942604
236.13277392032433 -64.2369256349297
316.01554580679425 -64.23816364173199
284.56727551047305 -64.27950137715202
308.7845263055474 -64.30574091660694
334.50962794131954 -64.3609970289961
374.0303151693322 -64.39657293219285
351.4458752293781 -64.79615529960599
273.5041489002705 -64.80819497590048
305.15235521966764 -64.83165316898544
232.4922721668164 -64.88644387030702
383.40231625101734 -64.93318342544988
174.47750280427843 -65.01972982615787
344.08156504608064 -65.15919178899829
388.9755328942594 -65.2256715886109
368.28215450589863 -65.40619553117139
184.0994239148085 -65.50367318834789
357.2523505662088 -65.59905562798532
381.23634266769454 -65.66459735028685
394.67370955192393 -65.70037596445165
399.888707487155 -65.75077386211616
356.8108251819161 -65.92047449082483
323.65476802182116 -66.07566410710739
340.3827486191756 -66.1649131964977
370.5231040978749 -66.4735656987179
