48.48448559591771 25.05422899653343
24.333880141868665 -7.441875948204088
72.63509104996676 -8.148431564155318
242.40576664433223 -14.748713984268129
5.4149339583069604 -17.39632642501456
145.44512612012497 -19.28690955285357
339.37473783616764 -22.193286476673276
96.96064052420725 -23.17725763468648
311.3670332702784 -24.452049721105237
91.54570656590029 -27.13847171547336
84.7062284431772 -27.34691171286293
12.254412081030061 -28.851712418858682
37.646287011675625 -29.802837132270565
193.92961171604267 -30.1387497647321
266.55637209838125 -30.424753769458672
218.2551611902832 -30.53935344359267
19.76867428163449 -31.05316206095456
71.46046691439555 -32.18478596032623
336.82555354194926 -32.57600571383878
21.784695847650312 -33.826948046355064
134.61525820351105 -35.146683830695466
168.4211074386028 -35.21092492119903
95.08624030787023 -35.94205371412084
234.041776345655 -35.955895080143314
20.476781030028476 -36.46314496276093
387.85089276445717 -36.895603536048675
23.292546688348096 -37.02174999126901
75.18427534418511 -37.14425374686545
18.8023168367674 -37.664047322343414
238.62364354114553 -39.3727448518317
42.861284946906636 -39.39959868448222
80.71583864928637 -39.45286529656391
77.19196624257276 -39.469233941267966
315.2241323821186 -39.49423351979413
26.883064436087018 -39.59020835531917
195.55409190353475 -39.749750492034345
331.01074753749043 -40.05873120174537
363.5253432902167 -40.167506113412806
152.49287093355218 -40.24278512719491
199.34454567434963 -40.82860265918868
292.52306309537016 -41.27871361550476
335.5842840653528 -41.49444053928824
52.24161669621992 -41.60341294360597
51.03366989013606 -41.656435298237945
239.85658235011388 -41.68674854127237
70.07757608812024 -41.93272229643546
102.25061446809175 -41.97511473530362
8.380651633933542 -42.168057983773224
281.6848645111281 -42.20253270598113
2.549184294218354 -42.29192550493605
54.107686244928786 -42.299880909009694
378.65383570296353 -42.733262531346575
149.20225722042719 -42.734244774213096
1.8827308839651895 -42.877295116916905
249.45351145775945 -43.044408478361504
70.977288191962 -43.39829585466928
0.024992002884493665 -43.496972763305344
343.13186893646986 -43.5040408962631
21.143234440281642 -43.51412168335596
11.487990659238921 -43.58270301109809
117.4457522218639 -43.67411603690109
9.905163809887656 -43.75077405764762
22.60110127521044 -43.822093101541874
121.1112459782563 -43.86134624427242
177.67647917349362 -43.94920681297356
25.99168299987341 -44.215602358325185
384.1020923317831 -44.293419711367584
324.75441614873887 -44.37690641786296
120.26151788018352 -44.39273253415695
29.77380610306012 -44.770189244848474
34.12241460496202 -44.878843191145705
115.48804532924522 -44.96824033256042
14.745281701851262 -44.990007911826886
45.935301301699354 -45.04585833994017
0.5748160663433542 -45.14960570682799
59.06443348368669 -45.22149285981204
75.81740608392562 -45.29267770565446
3.498880403829113 -45.41506405424625
109.42331929594143 -45.41663528700966
31.614883648884486 -45.58259376764806
244.95495093855058 -45.80723717072741
191.41375009233698 -45.8910227972407
50.3422244769984 -46.05840773264981
290.89025224024994 -46.1476185071686
6.697856773044302 -46.335501049579086
282.9094726524683 -46.479732083781336
9.205387729121833 -46.57191318931719
4.3902618400427205 -46.62495825816587
385.9764925481202 -46.67883626482063
17.452748681004742 -46.70121223162628
10.854859919498415 -46.73358897809271
147.31119566883382 -46.745625381613934
15.986551178447781 -46.85807951031304
288.37439061654425 -47.085603604059266
74.35953924899682 -47.161557046212806
180.27564747348097 -47.18629151794527
287.22475848385756 -47.20188851751552
62.83822591924524 -47.25254502956195
169.595731574174 -47.4435463887074
1.274592147109177 -47.45593390784732
78.07501701115821 -47.55066667692927
67.1951650887753 -48.14850150801618
360.97615899599833 -48.21548923894856
206.18402379707274 -48.240704751095485
137.93086391952053 -48.37531746883379
188.63963777215818 -48.46789308018438
312.67494808790025 -49.26113345222876
12.904204156026896 -49.287889232054546
278.63584015921987 -49.34840744583312
367.8239677863496 -49.391440918200516
88.58831955790188 -49.50671373742997
192.04688083207748 -49.51773403962283
244.27183619304108 -49.55690807064925
251.96104241383696 -49.573851655960965
16.761303267867085 -49.641430330706704
296.3051861985569 -49.809131951666096
139.63865078329428 -49.828062817994514
98.51014470304587 -49.90527884842897
379.97841185584167 -49.93021290744758
126.50118793367876 -50.27392268861627
14.012182950572782 -50.28692553344044
99.50982481842561 -50.51865193698333
348.9216829380442 -50.551588276229474
277.23628799768824 -50.551746594214755
28.815779325821197 -50.570699665839435
35.09710271745727 -50.78992184152107
389.7336236484224 -50.84553237928077
382.21936144781796 -50.8533490231603
106.35763360877688 -51.20146947336766
287.8162358854572 -51.20424091256064
166.8466112568797 -51.30649487734997
94.22818154216928 -51.405712903547794
241.6809985606819 -51.56871457415844
285.25039025598255 -51.59314526611436
80.0743772419177 -51.77644712580993
156.2749940367389 -52.06522247372255
86.10578060470884 -52.08899557220811
30.781816886068032 -52.18876095595189
104.95808144724523 -52.232051770990324
118.03722962346357 -52.31603459816992
304.0277150898654 -52.39553719067052
341.923922130386 -52.410688620698714
306.8768034186977 -52.447937057293736
255.54322949394773 -52.47944889015323
108.44863118344618 -52.65158792907871
59.73088689393986 -52.786766205123705
79.50789184320251 -52.92314953365508
220.80434548450154 -53.0469759662519
40.97022339531328 -53.09182595823273
46.61841604720885 -53.124127322666446
352.503870018155 -53.20292695113187
40.18714063826582 -53.26683956008836
32.6228944318924 -53.4381726388001
247.81236993501102 -53.51083113624835
61.86353780674999 -53.523675683131565
95.69437904472625 -53.55382640876285
93.29514676781486 -53.80874536667705
310.4006758254113 -53.82676796963772
45.39380790586866 -53.843490579910316
274.00398895796036 -53.890777413813396
82.31532683389396 -53.896725795870566
209.91616289449047 -53.90102162904532
142.89594182590662 -53.93037110467574
28.357592606272146 -53.97670429059317
309.4176570452879 -54.017274542136796
83.58991898100315 -54.04079798593681
87.07213804957593 -54.042369947558974
32.139715709458855 -54.05859995826273
267.3311241878006 -54.08596655290205
76.6671341819984 -54.09581601318541
252.97738386447304 -54.10946716755645
177.04334843375312 -54.1522634356725
104.47490272481168 -54.18099036960118
122.95232352408067 -54.28904407021643
333.75153718715654 -54.35801786177914
112.83056235586074 -54.36226533289116
110.11476470907908 -54.4246710463529
235.0997711344319 -54.49228030174791
44.144207761643976 -54.642596990112736
101.35090236424998 -54.67631112156058
213.69828599767717 -54.68504212256092
240.54802776325153 -54.702264201813925
128.54220150257908 -54.75522737651997
67.83662649614398 -54.78158971299238
341.23247671724835 -54.874374608815806
215.7059768960648 -54.87901141959444
337.50866828745876 -54.92089647654776
36.71325223732119 -54.92320796249311
103.41690793603479 -54.95837629051757
122.46914480164712 -54.99673348088868
190.1641499481123 -55.028365538342825
236.96584068314075 -55.05816538123798
164.19745895112337 -55.171717897587435
275.87005850666924 -55.20631491271786
261.1164461371898 -55.245501483690866
90.38774376558543 -55.26429863679578
87.76358346271358 -55.285583730628126
89.93788771366454 -55.332124324745784
35.946830815530056 -55.35849219383979
165.85526180912814 -55.41573939184798
317.77331667633695 -55.43599166936499
89.48803166174365 -55.44721403226541
69.21118665479112 -55.73357492743751
349.9380243886803 -55.77936386163095
298.4211757761107 -55.790912237781505
38.38771643058227 -55.8108486987226
246.13790574174993 -55.83072671795565
364.300095379636 -55.8765174927996
263.81558244871513 -55.91370548346672
180.77548753117085 -55.94284570131296
249.92002884493664 -55.949617090261505
344.77301045921826 -55.95307229699015
39.070831176091765 -56.09437492283018
111.67259955554586 -56.25317159008904
151.06832676913604 -56.29663753715463
212.45701652108065 -56.36279561403095
65.34575687532276 -56.44008778901155
92.77031470724049 -56.46950669217671
289.31575605852686 -56.52799433325203
397.25621651665494 -56.53535557368966
147.99431041434332 -56.57813773403537
207.08373590091452 -56.58858563443198
56.77349988594144 -56.626378736532104
41.778298155245245 -56.76920358063643
320.913978372155 -56.86787725580758
256.10138422503474 -56.874674990489915
358.08541732902523 -56.89292068630678
154.7671431960411 -56.92747111544653
63.79625269648416 -56.99886472818529
223.69508715147464 -57.08973618831374
267.8559562483749 -57.09446785293674
171.3868251142294 -57.108984556527524
224.26990321781798 -57.13502281066826
85.18940716561075 -57.179578459954826
68.69468526184492 -57.184369588887726
84.03144436529587 -57.285209762073215
262.8408943362199 -57.31298447806859
152.96771898835755 -57.44428263597002
131.39128983141137 -57.45185592150792
395.3651549650616 -57.46242085217755
125.20993445131326 -57.52319061655307
229.26830379471673 -57.54861401501602
270.8549965945142 -57.55279843370556
82.94845757363447 -57.64434116750547
201.45220458427528 -57.67446349917564
58.081414703563276 -57.727615448814525
270.4134712102215 -57.78282655459651
331.9104596413322 -57.82255493722446
100.69277962162498 -57.84875378869924
384.77687640966445 -57.8558766465546
175.4022069110047 -57.87233278732564
132.30766327050947 -57.89768353837849
253.67715994523886 -57.918817429910284
359.75155085465815 -57.991693583813515
257.4426217131692 -58.04463001049458
220.1962067476455 -58.107256671291
52.974715447498404 -58.136029905322324
353.2952834428306 -58.13625514481538
231.15936534631007 -58.14069622240166
107.94046045812814 -58.19429871697674
173.54446802992402 -58.23925917319934
125.93470253496358 -58.33755719061967
320.305839635299 -58.40470252546704
208.97479745250786 -58.42270325036029
225.47785002390185 -58.437922934163986
182.6415570798797 -58.47976903848598
210.83253633358856 -58.560149867717875
162.3147280671582 -58.59840377385465
57.62322798401423 -58.633190018825495
130.4166017189161 -58.639624451629174
216.49739032074046 -58.64319641670418
385.30170847023885 -58.64820084334159
372.805707027992 -58.66583474129251
178.90108731483383 -58.71376938382655
317.16517793948094 -58.800339809054414
197.67841214871672 -58.85368583747345
123.78539028689713 -58.877742443438535
290.1071694832025 -58.883527169777885
66.17882363813922 -58.88926823458937
375.5964806834271 -58.89217568637124
129.1003562336661 -58.92761044894943
60.913841697139226 -58.94657150772687
146.8030249435158 -59.00027268411302
369.05690659531797 -59.00624149988074
279.6105282717151 -59.013781497940386
272.4711461143781 -59.047184801858315
294.61406067003946 -59.11978998927811
391.62468520001573 -59.12001126693368
119.52841912890504 -59.124091148578934
111.06446081868985 -59.173537692217316
160.12376248095092 -59.20147458943389
114.85491458950472 -59.26564096070047
346.8806693691439 -59.32302762291862
361.5593057299699 -59.335752182321094
318.68969011543504 -59.39540423700863
228.36859169087495 -59.41967355808868
233.02543489501895 -59.48524194477701
302.54485625205217 -59.52619529449415
398.7807286926091 -59.643482415145435
116.63767746193193 -59.6708267995117
158.61591164025313 -59.6848442901863
55.69051309428005 -59.751220898646146
192.57171289265185 -59.802102385835006
366.06619691680686 -59.815769495218184
113.99685582380377 -59.90300990075671
393.4990854163528 -59.92275660836352
55.19900370421834 -59.923584459058276
186.41534951543824 -59.95625247204478
184.5242879638449 -59.95955148173749
135.99814902978636 -59.976885079513416
351.9040619489271 -59.995670633002824
303.14466432128 -60.01477079174763
259.3420139323908 -60.10975874717048
124.31855301509965 -60.12625486677272
222.11226030212336 -60.20821487748179
365.31643683027204 -60.28600088818853
153.48422038130377 -60.36098810097533
355.6611930492293 -60.37463310457897
133.69888476441295 -60.39004882895631
302.07000819724675 -60.41962172340427
170.8953157241677 -60.42369316268417
326.23727498655217 -60.45555700970013
127.70913473976263 -60.54029823892447
269.9469538230442 -60.55954898636484
350.5628244607926 -60.5935198972798
376.56283812829423 -60.606557492615586
367.2158290494936 -60.616230038682865
214.59799810151893 -60.61861289669891
305.927107309087 -60.661449452036926
167.63802468155535 -60.7297651135546
293.44776720209643 -60.75050219466848
203.24329812433064 -60.7862257293109
321.7053917968306 -60.82144198833256
354.6865049367341 -60.82511460352142
322.22189318977684 -60.83455879435153
330.2943101214683 -60.8466821284347
165.31376841329742 -60.848917594142904
172.57811058505692 -60.89456525085791
323.08828262310595 -60.97114404988266
374.69676857958535 -60.97780124793538
300.2039386485379 -60.99445835042934
137.09779715670408 -61.0898593457664
370.9479681469113 -61.12458077941414
141.69632568745092 -61.128372045774306
64.82092481474841 -61.133883408751274
135.2817116137642 -61.14010688479974
372.3558509760711 -61.18320200197902
132.97411668076262 -61.205199044154575
196.8869987240411 -61.2240253652591
222.57877768930058 -61.310611818416305
160.84853056460122 -61.35692617906991
313.4497001773195 -61.36082017449891
396.53144843300464 -61.41561980293625
328.1283365381455 -61.49399255188822
332.6685503954952 -61.56661390358113
118.74533637185756 -61.62247957651775
243.78865747060755 -61.685555808669704
215.18114483549044 -61.69389918575754
398.11427528235595 -61.768267895113674
301.5951601424414 -61.782057724954626
315.7656257779493 -61.81876561484885
399.5054967762594 -61.836438219560215
138.8805600291313 -61.8421600060182
258.5006165019461 -61.90242589286126
276.3948905672436 -61.94199742478073
205.6508610688702 -61.97992556717353
193.0548916150854 -62.0737085780537
168.987592837318 -62.0779090447701
347.4971387736281 -62.083112160959466
227.09399954376576 -62.08598380925597
359.22671879408375 -62.120262492350825
362.34238848701733 -62.14097195681925
265.4650546390917 -62.14608115069421
297.221559637655 -62.17338314092495
371.57276821902366 -62.22397830770998
284.1757341319493 -62.37693647308313
211.60728842300787 -62.40895545389094
185.57395208499364 -62.412344366026126
201.91039130382433 -62.41869120927087
157.19969814346516 -62.53842306806731
307.43495814978473 -62.54640749330573
338.2834203768781 -62.65414246680419
229.75981318477844 -62.78916927673507
390.42506906156 -62.80269169742585
254.25197601158223 -62.875363637145306
291.64001232678476 -62.928764285246075
190.85559536124995 -62.94132133932899
159.20738904185282 -63.171540106429084
264.5903345381344 -63.25863553757188
391.1081838070695 -63.26033622508364
144.27050198455376 -63.26138544691285
198.72807626986545 -63.363078933675325
161.4400079662009 -63.38948664006622
204.78447163554108 -63.40726506697039
181.6085542939873 -63.55773949453629
162.91453613638603 -63.57740076505247
198.14492953589394 -63.60294247055388
399.93869149292397 -63.605092945804735
200.37754846024205 -63.634072356696244
364.84991944309485 -63.648006476615954
174.66910815972622 -63.664412845468654
381.5195853670521 -63.66884081989758
187.2067629401139 -63.672952074771295
178.35126325137495 -63.698434449003706
305.43559791902527 -63.855824319547935
387.0678100074097 -63.87524883792259
238.03216613954584 -63.88444160624579
308.56792894721514 -63.91141264276189
319.2894981846629 -63.963486754660074
232.50060283444458 -64.00244152709058
269.3054924156756 -64.05640803091653
295.7387007998417 -64.18945067238639
202.71013539612812 -64.19670708852239
204.18466356631325 -64.2337018707502
388.7172821977863 -64.27180152144017
381.04473731224675 -64.3329501984313
357.21069722806794 -64.40653169177203
189.44771253209015 -64.47690213698831
280.4852483726724 -64.48551461486723
247.0626098484762 -64.77297718798248
348.0802855075996 -64.84405852807329
250.70311160198412 -64.90127740856335
343.78166101146667 -65.01444726872596
394.5904028756423 -65.07484236860938
299.72075992610434 -65.14029868687173
394.1072241532088 -65.54764783616469
346.07259460921193 -65.56864399978475
356.1943557774319 -65.74235934770843
