48.767728295275305 25.670229167116076
24.550477500200945 -6.5866374836052515
72.99330975797783 -6.858576290943373
243.85530281163287 -11.586271481888502
341.3990900698116 -14.468927816390625
5.70650732529272 -16.751394795826588
146.3115155534541 -17.327026988224265
311.2087505853433 -17.604164437209516
97.54378725817878 -22.155838963262635
336.74224686566765 -22.4127057937903
91.83727993288605 -25.830758701745662
20.060247648620248 -26.799398889695187
85.09776982170094 -27.083818630117545
195.08757451635756 -27.283647834812413
37.36304431231803 -27.869662557555518
71.19388555029428 -27.915855264368343
219.6380520165585 -28.312540780201534
12.446017436477845 -28.86622362372894
3.948736455749999 -29.045513198126894
268.0808842743354 -29.41322703564218
239.19845960748887 -29.77820856995345
53.424571499419294 -30.40768021764825
77.65015296212182 -31.445230445295152
44.110885091131316 -31.57351589517486
23.68408806687183 -31.578806665228353
73.85969919130694 -32.110127437962994
168.73767280847306 -32.156118572997755
21.143234440281642 -32.24282755387227
137.01449048042244 -32.4055838528319
22.017954541238918 -32.46646266403067
19.01891419509968 -33.22625211004411
0.6248000721123417 -33.315450191923865
18.519074137409806 -33.652937222477696
317.1818392747373 -34.09220858871024
134.9068315704968 -34.199255250774094
75.52583271693986 -34.340659199069115
365.6246715325141 -34.597706580995315
49.43418170552847 -34.72713361500892
390.1751490327151 -35.062207352498135
1.5828268493512654 -35.43021768372583
96.79402717164396 -35.43499233766151
76.40055281789714 -35.52256341103522
72.03528298073891 -35.75508507100954
116.06286139558858 -37.12954528261951
238.33207017415975 -37.16597736937491
80.42426528230061 -37.68850369135512
152.2012975665664 -37.901860940967254
48.10960555265031 -38.2951883421893
335.87585743233853 -39.34886755004587
281.4016218117705 -39.623877126984105
292.81463646235596 -39.767227896187755
234.55827773860122 -39.768939524768115
7.5475848711170865 -39.88952939822004
249.7450848247452 -39.96689355415925
4.6568432041439864 -40.00443330934253
68.33646655383384 -40.296199664825224
191.14716872823573 -40.38250077971336
50.267248468344924 -40.45280307500736
360.96782832837016 -40.634079257794255
78.5248730630791 -40.77825766966084
147.8110357265237 -40.783526871555004
200.79408184165027 -40.78598584107072
29.20732070434493 -40.99796771157376
31.573230310743664 -41.13048064986051
378.9454090699493 -41.62278569596348
98.16858733029112 -41.69879549516373
177.9680525404794 -41.707564270279754
286.93318511687175 -41.94436600938153
312.52499607059326 -41.974702954443245
288.7326093245553 -42.11701558488519
324.46284278175307 -42.15073189598945
84.29802572939714 -42.16742915508362
34.413987971947776 -42.44883389683333
6.4812594147120235 -42.477690186984375
120.5447605795411 -42.51150724966079
10.355019861808541 -43.01075466612057
384.5352870484477 -43.09543369590475
98.94333941971043 -43.17099533672447
101.49252371392878 -43.48217501115507
109.14007659658384 -43.695428406897726
335.4343320480458 -43.864729082629566
342.89861024288126 -44.13895130006072
67.17017308589081 -44.231329773418416
51.71678463564556 -44.4224824304857
2.699136311525316 -44.51333791444839
378.00404362796667 -44.63213342185416
94.77800560562814 -44.66972536856832
9.338678411172467 -44.80352288090911
322.8050399237483 -44.819960504442854
121.59442470068984 -44.83159474929278
15.703308479090186 -44.923492429961925
35.52196676649366 -45.064231879544685
16.144833863382907 -45.07866064448266
248.51214601577684 -45.38500502550295
63.129799286231 -45.5645872122194
242.3641133061914 -45.607888461993916
389.4253889461803 -45.66756265867114
11.22973996276582 -45.81132422846042
14.095489626854427 -45.87607982796922
282.9261339877246 -45.92413479835361
141.66300301693826 -45.994375524195625
8.772193012457276 -46.04929425519936
17.59437003068354 -46.10097029385613
244.52175622188602 -46.1706425152492
16.5696979124193 -46.172957612998665
95.9609604088275 -46.50152802926621
195.83733460289235 -46.55427491210654
298.33786909982905 -46.55940452406509
12.970849497052212 -46.79888867761127
280.1853443380585 -46.847720174223355
56.6652012067753 -46.87059077275692
131.1746924730791 -46.88438424255156
122.38583812536548 -46.88750847858169
346.0559332739556 -46.90763920105284
380.4699212459034 -47.01725648736821
132.64922064326421 -47.0763508379257
43.16118898152056 -47.115310729232185
102.8254305344351 -47.14530874454743
367.5323944193638 -47.336182858378955
206.67553318713445 -47.40807554816431
62.02182049168511 -47.46526543569795
207.52526128520722 -47.95099605479021
283.4093127101582 -48.126046289388285
102.20063046232276 -48.210165836442
92.88694405403479 -48.36185665742761
209.6245895275047 -48.452943808741935
263.4240410701914 -48.54462677138874
340.73263665955847 -48.675294166476114
230.193007901443 -48.7561312075264
137.8475572432389 -48.81281074890251
220.26285208867083 -48.84856473656864
164.7139603440696 -49.10667128333927
228.71847973125787 -49.182250024227244
192.3217928638069 -49.19078838544183
342.0655434800648 -49.19289902842016
194.33781442982274 -49.20781887977885
377.25428354143185 -49.233677686936346
265.9565640291534 -49.31998764050217
105.14968680269301 -49.57676655161574
307.16837678568345 -49.73457547352377
54.382598276658214 -49.740465697154825
189.7392858990759 -49.741696266718634
28.12433391268354 -49.78560171539024
215.1478221649778 -49.89761729981016
30.165347481583854 -49.911902640059644
390.9249091192499 -49.918948661421865
337.4087002759208 -49.99246833321771
380.9447693007088 -50.079400537150455
149.26057189382433 -50.16670413206429
270.08857517272304 -50.1880530681866
87.18876739637024 -50.21207929385489
166.55503788989395 -50.25958898103204
89.76294369347308 -50.584270647302645
31.140035594079105 -50.64519303422136
79.84944921595726 -50.68854228619065
267.03955082081484 -50.71247404160243
169.91229694404427 -50.757498212393976
235.39134450141768 -50.759540890658364
251.66946904685122 -50.770126234109625
59.20605483336549 -50.81897763466727
165.45538976297624 -50.82272242357814
81.39895339479587 -50.82942947203207
310.1091024584256 -51.002323690689444
329.2279846650632 -51.0913866328922
181.8418129875759 -51.10204556234536
176.50185503792244 -51.1201880638966
26.224941693462018 -51.128493249399945
269.3721377567009 -51.14100197351021
88.20510884700631 -51.20946068977836
247.52079656802525 -51.294940290986005
317.80663934684964 -51.344573806939856
157.72453020403952 -51.58618714093688
349.21325630503 -51.66848150122606
376.5045234548971 -51.857308115940036
363.5003512873322 -51.929851376243285
264.0988251480727 -51.95223580868177
111.21441283599681 -51.954740762993275
123.89368896606327 -51.97335733791234
52.76644875679429 -52.02784106938069
208.58325607398413 -52.10317963578685
111.95584225490346 -52.11352719258527
359.98480954824674 -52.14537295283643
110.1814100501044 -52.2058056964641
39.27909786679588 -52.223311075327025
26.666467077754742 -52.278626782724736
83.44829763132435 -52.33420404439764
36.59662289052689 -52.40798948628776
45.61040526420094 -52.46111642365988
27.457880502430374 -52.51379711796332
252.6858104974873 -52.57750956325787
38.79591914436233 -52.588308722271485
218.346798534193 -52.6392959615989
290.39041218256006 -52.669006068726155
80.97408934575948 -52.77477303345338
44.93562118631961 -52.8401672852656
93.83664016364554 -52.842286506276906
58.07308403593511 -52.87398593037768
221.7540415941123 -52.955901605689434
379.8117985032784 -52.96285787652737
69.62772003619935 -53.05767121677915
103.55019861808542 -53.09303047942796
241.86427324850152 -53.112917353754796
104.0250466728908 -53.12268872022761
145.36181944384333 -53.18031463903157
213.66496332716451 -53.2315007192821
364.58333807899356 -53.24777808393338
329.8944380753164 -53.35946152707015
32.31465972965031 -53.40301722536439
81.84047877908858 -53.47341221112913
117.43742155423573 -53.493587134776966
107.23235370973416 -53.51859576197362
239.86491301774203 -53.550439626919804
88.7715942457215 -53.650850285008794
40.48704467287974 -53.67348470411937
82.76518288581485 -53.6770745790027
332.0937343291518 -53.69236611639917
82.29866549863763 -53.75800257747841
86.27239395727213 -54.051968244030185
316.30711917378 -54.05596356655209
339.1581404778354 -54.06331586378002
243.19718006900786 -54.0882301195637
193.5963850109161 -54.21275064537239
272.73772747847937 -54.251012734376474
33.389315853683534 -54.30299121260892
123.05229153561864 -54.35013072838447
296.5800982302863 -54.365619013224936
147.269542330693 -54.49975958280955
119.56174179941769 -54.54314132565725
41.21181275653005 -54.54353178228312
223.97832985083224 -54.58357348080983
306.06039799113756 -54.60426716255404
159.9821411312721 -54.607304725880034
196.66207069808064 -54.61249100724499
345.06458382620406 -54.632228969203595
262.44102229006796 -54.6455171950013
255.2683174622183 -54.66262717779341
270.6134072332974 -54.68949064859178
192.84662492438127 -54.69163583381712
385.5183058285711 -54.72692130837538
216.23080895663918 -54.731506800035355
90.79594647936548 -54.78525568383458
108.36532450716453 -54.989413135764856
396.2398750660189 -55.07875140855549
217.10552905759647 -55.17036044531195
171.96164118057274 -55.28828694419872
255.809810858049 -55.39126419468703
116.67933080007276 -55.43174408868583
125.65979050323415 -55.486556344932374
55.0907050250522 -55.5331191481147
319.29782885229105 -55.69872362847721
127.14264934104744 -55.754135640749716
225.0446553072373 -55.77853925729935
305.06904854338603 -55.822620795213915
118.23716564653952 -55.838248393292325
150.96835875759805 -55.974145972059624
381.88613474269135 -56.02064038030479
288.06615591430216 -56.05981068972964
115.17147995937498 -56.149769590911056
383.3190095747357 -56.25854994122407
100.0763102171408 -56.32189408268599
356.64421182935274 -56.33233024937368
139.372069419193 -56.34662775363565
397.3478538605648 -56.36128095057785
101.00101432386707 -56.40728309177117
268.9472737076645 -56.41342050362099
210.9908190185237 -56.452364565969646
170.5370970161566 -56.466439024956635
355.8194757341645 -56.48447698690986
156.38329271590501 -56.504232434264566
127.75911874553161 -56.526354569661464
113.45536242797307 -56.60134338899684
257.5259283894509 -56.63578832198677
265.29844128652843 -56.6422985711883
353.3535981162278 -56.649202026836804
64.95421549679904 -56.681244279557035
46.5351093709272 -56.7061054336534
350.2295977556661 -56.710917350008316
185.94883212826105 -57.015896383887004
140.70497623969933 -57.14363166626136
304.1360137690316 -57.185214126867315
105.857793551087 -57.2076742347782
126.4012199221408 -57.239539365050234
135.8898503506202 -57.29844169034834
274.0539729637294 -57.37553453562196
150.36022002074205 -57.453145413722275
338.40838039130057 -57.46985364426862
328.48655524615657 -57.526926384166934
321.83868247888125 -57.53971890728318
166.13017384085757 -57.56580953402846
128.6838228522579 -57.661669841221716
233.18371757995405 -57.67118702413578
373.07228839209324 -57.72422948922652
229.69316784375312 -57.859047796449794
190.4224006445854 -57.87693124589458
164.08916027195724 -57.889732524549665
135.41500229581484 -57.89048165211259
61.055463046818026 -57.93107131829746
173.06961997511863 -58.004813659915385
231.68419740688444 -58.037635664073036
366.49106096584325 -58.04090547321437
314.73262299205686 -58.04948213874915
259.01711789489235 -58.07815414757755
188.2314350583781 -58.17670943987596
294.2058579562594 -58.18306632828607
144.51209134577053 -58.19410700707464
392.41609862469136 -58.32735991451772
199.74441772050153 -58.48254970856217
271.48812733425467 -58.5458789547691
285.7752223165569 -58.56013102754125
258.2756884759857 -58.594964583455486
284.94215555374046 -58.59749633344052
66.35376765833068 -58.62239039636153
184.4076586170506 -58.636997653898874
106.63254564050631 -58.672023871578574
393.9072881301328 -58.70448161465845
185.1574187035854 -58.74731657025722
133.79052210832276 -58.83033010823468
246.84601249014392 -58.830529634052056
114.13847717348257 -58.84672797575214
355.06971564762966 -58.855826415409126
153.30094569348415 -58.918506767899004
332.63522772498254 -58.93193282567438
370.27318406903 -58.949783884729186
388.5923221833638 -58.96259990643642
189.1061551593354 -59.01541139297185
60.355686966052204 -59.01958747463616
162.57297876363128 -59.06607287980512
346.84734669863127 -59.104661030635526
275.09530641724996 -59.157438615250406
387.89254610259803 -59.17465728452996
205.26765035797465 -59.176190857202904
124.46017436477845 -59.188770334752036
343.6900236675569 -59.21022595224171
55.64885975613923 -59.27746039371999
362.2507511431075 -59.44748705462252
327.73679515962175 -59.51137801109218
230.9427679879778 -59.52569095010938
159.2323810447373 -59.53187302106851
279.7104962832531 -59.5673719045786
129.8584469878291 -59.567600669490865
155.60854062648573 -59.69562539950428
179.17599934656326 -59.81266528753935
294.7140286815775 -59.83480165191819
375.52983534240184 -59.84197652315408
203.60151683234173 -59.89827729638106
174.96901219434014 -59.94753302623507
205.74249841278 -59.998766463104054
161.40668529568825 -60.00079987962561
290.96522824890343 -60.01519672711186
396.6814004503116 -60.042308771473074
368.707018554935 -60.10609678994544
374.2635738629208 -60.13737509923257
300.412205339242 -60.14247170139979
232.3506508171376 -60.19100701094457
295.2805140802927 -60.40520633235579
313.2997481600126 -60.42278541103321
307.87648353407747 -60.44022886469944
142.58770712366453 -60.48990767747127
183.49128517795248 -60.59720601542947
143.56239523615977 -60.640222444486284
211.65727242877685 -60.65619205880867
180.90877821322147 -60.6926103932247
245.35482298470248 -60.7208016507816
154.20898846495407 -60.789929473527515
313.77459621481796 -60.83156313932792
162.10646137645406 -60.83688890623771
237.41569673506166 -60.847198016664976
331.4689342570395 -60.859074460217926
203.0433621012547 -60.913915308509104
366.94091701776415 -61.00602723250779
372.42249631709643 -61.141678899224246
326.23727498655217 -61.14228549245513
256.2929895804825 -61.169019518343596
325.37088555322305 -61.1784418079339
180.00906610937972 -61.1803139914558
198.3865188971107 -61.19334220433043
327.23695510193187 -61.23159224331196
197.4701454580126 -61.318285465728074
309.28436636323727 -61.32961552503145
198.81971361377526 -61.33531815864956
212.53199252973414 -61.355386278569654
167.37144331745407 -61.3572309556674
344.5980664390268 -61.39675249206584
301.1453040905205 -61.412053069264196
174.52748681004744 -61.45000220292266
359.3850014790189 -61.4871304967528
163.16445616523097 -61.57940192982587
204.42625292753002 -61.589378484633265
383.8771643058227 -61.60747391807943
253.9270799740838 -61.64078833579009
382.7025401702515 -61.66021243013618
240.87292380074993 -61.66185757260056
187.49833630709963 -61.66494835943016
253.49388525741924 -61.67604551473411
305.5938806039604 -61.6985350496793
223.17025509090027 -61.73108131832868
156.8831327735949 -61.75429096867649
173.62777470620566 -61.84917294190749
202.36857802337337 -61.851738202321286
320.96396237792396 -61.9020831145707
347.54712277939706 -61.922136133367616
395.4484616413433 -61.930781602643805
289.63232142839706 -61.964609017960775
225.92770607582273 -61.97023483602923
357.4939399274256 -62.048694655048344
276.31158389096197 -62.06370285225098
160.47365052133384 -62.20389157403633
394.8236615692309 -62.22279499076745
272.02962073008536 -62.26646513432377
299.11262118924833 -62.27317751197705
261.682931535905 -62.29431517129668
226.5691674831914 -62.317678938988
260.5499607384746 -62.39885709406368
245.9546310539303 -62.437991782854404
259.7335553109145 -62.44511229820095
250.79474894589393 -62.50090569374233
393.2991493932768 -62.51706314309492
371.2312108462689 -62.591637204444346
279.0357122053718 -62.60216093382072
235.96616056776102 -62.660346505372296
323.4714933340015 -62.72786210988076
227.16064488479108 -62.804915254326026
302.97805096871673 -62.805542686058686
333.6265771727341 -62.90042364651473
369.615061326405 -62.96811628858251
330.4109394682626 -63.124021508352165
391.4080878416834 -63.135390839020424
210.17441359096355 -63.19784942148078
254.61852538722147 -63.35834031344177
358.17705467293507 -63.36077564948575
308.79285697317556 -63.377654490868366
352.1289899748876 -63.42147551067536
277.6444907114683 -63.46602815674435
334.5429506118322 -63.48738137707404
374.780075255867 -63.54254749617403
376.0046833972072 -63.57488472665617
371.7893655773559 -63.68499953796953
278.5858561534509 -63.716958621952294
398.19758195863756 -63.86194630965011
299.6374532498227 -63.877012128958654
296.10525017548093 -63.94836322900604
284.5172915047041 -64.05089260487053
398.7557366897246 -64.16705300773889
399.41385943234957 -64.48870640356992
