48.48448559591771 26.333181160400255
24.408856150522148 -7.590865193081773
72.55178437368511 -8.775979482929696
242.40576664433223 -11.48884908716523
339.37473783616764 -14.330062198330296
145.44512612012497 -16.376363435435678
5.4149339583069604 -16.776850539848766
311.2254119205996 -17.798379990060102
96.96064052420725 -22.811878312514846
84.5895990963829 -25.83630890680847
91.54570656590029 -26.00818516624079
12.371041427824364 -26.35749894877459
193.92961171604267 -27.871895789142012
37.646287011675625 -27.928331807032237
334.6762412938828 -28.17292543508788
71.43547491151106 -28.815867507449436
266.4813960897278 -29.63653899307008
218.33846786656483 -30.505511958466755
19.76867428163449 -31.06812130482632
18.45242879638449 -31.80627958872714
18.95226885407436 -32.510430267318036
168.39611543571831 -33.13189008036282
134.61525820351105 -33.19775389160162
234.041776345655 -33.75140871207331
20.33515968034968 -33.92016100188372
23.292546688348096 -34.688763348500295
49.15093900617087 -34.71693258133536
43.77765838600474 -34.9914292990691
237.7072701020474 -35.18971132268812
53.18298213820252 -35.20776721594156
363.44203661393504 -35.301019594145764
315.29910839077206 -35.30222624702404
387.85089276445717 -35.626828160008024
95.07790964024207 -36.49263047154428
238.62364354114553 -37.19780553756095
21.143234440281642 -37.232665593128594
80.71583864928637 -37.33830342093435
77.25861158359808 -37.36561222694968
78.50821172782277 -37.475755613978016
117.29580020455694 -37.49802101625225
195.55409190353475 -37.56471592408125
42.861284946906636 -37.74334108844309
8.380651633933542 -38.10523465506575
152.49287093355218 -38.266935906255874
331.01074753749043 -38.391047255208214
47.809701518036384 -38.43045576318121
22.042946544123414 -38.56204608188807
292.52306309537016 -39.29509659860441
54.107686244928786 -39.5210085428184
335.5842840653528 -39.66133871231165
74.91769398008384 -39.761086907044714
75.81740608392562 -39.9541860209421
281.6848645111281 -40.617027382470155
249.45351145775945 -40.64243047509052
199.34454567434963 -40.827048813205415
52.25827803147625 -40.95060583632031
73.80971518553795 -41.06529719708185
378.65383570296353 -41.18804342576059
191.32211274842717 -41.658540725286706
149.22724922331167 -41.86213626553276
177.67647917349362 -41.93893437921116
9.963478483284808 -41.972963578076424
102.25061446809175 -42.035686177439494
324.75441614873887 -42.043209227691506
120.26151788018352 -42.049852803339974
9.521953098992086 -42.23392702257167
25.016994887378157 -42.2371868236711
74.4345152576503 -42.55041571967195
109.42331929594143 -42.89370781012906
34.13074527259018 -43.060591310530306
0.9663574448670884 -43.48936748324437
288.2827532726344 -43.61418497373085
31.614883648884486 -43.62742426437188
50.32556314174208 -43.68028127614405
0.024992002884493665 -43.731117250415004
59.06443348368669 -43.82100335618126
4.548544524977847 -43.83956632836902
13.75393225409968 -44.048068445603086
1.8744002163370248 -44.147996541000566
131.37462849615503 -44.412019360129705
290.89025224024994 -44.41313197297273
6.189686047726265 -44.57827292629182
29.690499426778473 -44.67075176356906
14.745281701851262 -44.79013151004676
287.15811314283224 -44.80173980526666
121.0862539753718 -44.82927860310961
67.18683442114714 -44.82983389233675
70.977288191962 -44.84365684343694
3.5821870801107587 -45.01337186172285
180.27564747348097 -45.01823796643229
29.065699354666133 -45.07898041432093
384.11875366703947 -45.25450341054741
283.08441667265976 -45.25556839569642
10.629931893537972 -45.33695739691816
62.83822591924524 -45.3673154595501
11.546305332636074 -45.42217325289791
343.1485302717262 -45.49053415750338
25.99168299987341 -45.56610482087899
67.89494116954113 -45.6202244382773
115.41306932059175 -45.63809646460703
278.51921081242557 -45.71885975631029
34.94715070015031 -45.75306496874149
206.39229048777685 -46.22793567654287
296.3051861985569 -46.45355116219584
17.994242076835437 -46.55674132983243
358.7518707392784 -46.86489306366428
147.28620366594933 -47.032343352758424
188.63963777215818 -47.07768468758838
380.05338786449516 -47.45492859982199
16.494721903765818 -47.52418067358112
2.6158296352436703 -47.54734831269406
228.34359968799046 -47.6175551946954
98.34353135048258 -47.64247745217113
126.50118793367876 -47.83443692485349
310.65892652188444 -47.94820019647879
385.968161880492 -48.028133901954305
243.08055072221356 -48.06350103441432
192.03855016444933 -48.14478462961639
137.90587191663604 -48.15754992679473
265.8482653499873 -48.547588619156784
62.01348982405695 -48.59732124516783
367.81563711872144 -48.74163672900135
277.23628799768824 -48.849916319084
164.23078162163603 -49.080562502920365
285.475318281943 -49.10258138826604
86.99716204092245 -49.138859593739255
251.96104241383696 -49.15988175553206
338.6999537582863 -49.24677121308707
88.58831955790188 -49.26615487550615
105.04138812352687 -49.29993903603428
244.25517485778477 -49.65417534132623
82.215358822356 -49.74657458816253
306.8768034186977 -49.765784561261206
209.91616289449047 -49.813786098881415
348.9216829380442 -49.92303660988855
83.21503893773574 -50.02461072582844
112.83056235586074 -50.171955313236616
340.0411912464208 -50.34618704188673
212.38204051242715 -50.443658292934714
65.35408754295094 -50.46348656087681
287.8162358854572 -50.573567123513584
255.56822149683222 -50.59194712684599
101.60915306072307 -50.60847788211833
247.1125938542452 -50.675081586651594
140.79661358360914 -50.72589874890799
389.74195431605057 -50.80639676945407
173.58612136806482 -50.834415323443544
382.2110307801898 -50.89212077273476
139.8219254711139 -51.16102117945522
235.0997711344319 -51.268722807378005
96.02760574985282 -51.35160996354052
87.43868742521516 -51.39249246901454
166.8466112568797 -51.49191179880785
333.75153718715654 -51.571257755819545
267.3311241878006 -51.60646926939654
92.24548264666612 -51.64425064480421
236.78256599532114 -51.660033536864866
80.04938523903321 -51.66747030154901
93.3784534440965 -51.68468956258368
304.0527070927499 -51.69981317097156
32.6228944318924 -51.71413344742896
166.0218751616914 -51.82906071430142
40.94523139242879 -51.9770509686702
45.39380790586866 -52.06548843850894
213.69828599767717 -52.10815908997733
309.3426810366344 -52.246017883951424
97.88534463093352 -52.27817659642452
247.81236993501102 -52.29168377295878
102.92539854597308 -52.32302009898334
122.79404083914554 -52.330769364742274
252.97738386447304 -52.339664091480834
156.2749940367389 -52.34132652738604
36.66326823155221 -52.344608269426914
344.0399117079398 -52.37659924768999
262.98251568589865 -52.45871116067884
110.24805539112972 -52.55140320630121
85.41433519157118 -52.577406513189686
209.083096131674 -52.62382601381014
151.06832676913604 -52.64234833866795
240.56468909850784 -52.703125521237325
352.52886202103946 -52.73178903867748
39.04583917320727 -52.92172862574049
375.4798513366328 -53.148582175570226
27.299597817495247 -53.36778703854032
190.14748861285597 -53.39497791358493
33.114403821954106 -53.42397845011123
40.195471305893975 -53.478904116802994
341.215815381992 -53.49229645354026
219.91296404828793 -53.54854036122206
303.2612936680743 -53.56866126193135
106.7991589930696 -53.78138407474069
261.1914221458433 -53.80232557677624
86.29738596015663 -53.8080788469872
46.60175471195252 -53.97101755905601
177.01002576324046 -54.02910949728124
146.8030249435158 -54.03064709343326
90.720970470712 -54.17131913940195
261.782899547443 -54.300709281496374
38.171119072249994 -54.34555304702402
306.05206732350945 -54.35467372642132
59.73088689393986 -54.44080516863335
35.92183881264556 -54.624526062851736
217.08053705471198 -54.63456268388665
107.55724974723258 -54.66960473640494
344.77301045921826 -54.74475434553517
41.64500747319461 -54.754237688298694
321.23054374202525 -54.76996466005858
103.37525459789396 -54.850960147062004
249.94502084782116 -54.88951701461024
47.159909443039545 -54.89153658526741
207.208695915337 -54.89592296843625
44.69403182510284 -54.97256697388175
99.44317947740029 -54.97791564308295
70.00260007946676 -55.04982427830273
89.48803166174365 -55.05489329840333
263.80725178108696 -55.13884994860652
359.74322018703 -55.266182319238624
69.48609868652055 -55.326539494599366
246.09625240360913 -55.362353609828325
384.77687640966445 -55.39169187505837
241.0728598238259 -55.3947089527969
289.02418269154106 -55.39958054459305
128.48388682918193 -55.48267151997364
222.97864973545248 -55.582680218890424
337.5253296227151 -55.68096434974469
214.298094066905 -55.72803553242962
121.99429674684174 -55.74642905051126
298.4711597818797 -55.74658940755885
100.18460889630694 -55.761128560315285
224.00332185371673 -55.761833333239714
273.9789969550759 -55.828849507900294
256.10138422503474 -55.90779328443333
89.98787171943353 -55.9463819509879
111.61428488214871 -56.083359381413295
132.28267126762498 -56.11441431153609
241.73931323407905 -56.131833972264985
51.275259251352836 -56.156572656511365
349.9380243886803 -56.174416076449255
270.39680987496513 -56.23681046074245
58.16472137984492 -56.28676815080636
64.87923948814556 -56.39001186326345
225.10296998063444 -56.48823465062507
322.0636105048417 -56.54937162743386
364.300095379636 -56.5554422845413
169.695699585712 -56.59368549682213
101.05932899726422 -56.62409158985139
186.39035751255375 -56.63270997277561
358.1603933376787 -56.65163446581727
56.84847589459493 -56.700240588736726
153.00937232649838 -56.73559832693482
395.3901469679461 -56.73572206991304
275.82007450090026 -56.80126390360841
215.07284615632432 -56.839266083384246
119.44511245262339 -56.95266898430774
271.12157795861543 -56.959092153127905
330.0027367544825 -56.996147218599475
396.53144843300464 -57.054081165319246
125.35155580099206 -57.071295679759565
125.90971053207909 -57.096899296553566
171.32017977320407 -57.26910943021563
320.58908233465655 -57.329747207116846
182.02508767539553 -57.35382095328922
103.91674799372466 -57.44679943062292
397.306200522424 -57.53899063360898
137.30606384740818 -57.54519914966883
114.87157592476105 -57.61005682362663
63.9045513756503 -57.612040078716795
331.9771049823575 -57.64777785892064
56.01540913177847 -57.6555413038051
136.081455706068 -57.68929220404866
201.51051925767243 -57.78572884687626
60.62226833015347 -57.87924805897823
275.2036050964161 -57.902432502979956
393.52407741923724 -57.9623465440734
353.062024749242 -58.06123614848632
218.91328393290817 -58.07518619319351
116.72098413821358 -58.11536906242191
133.74886877018193 -58.13223325699011
118.21217364365503 -58.18074806139477
111.05613015106168 -58.26830979802073
257.834163091693 -58.28503251226808
243.76366546772306 -58.28658979102149
123.78539028689713 -58.328608476252306
154.85044987232274 -58.39163559573931
315.91557779525624 -58.45453372033911
124.2602383417025 -58.46454143658091
175.4771829196582 -58.48060584692397
328.1283365381455 -58.497139991094436
192.97991560643192 -58.50001694849724
294.58073799952683 -58.53652752207041
149.7854039543987 -58.57406358817956
300.3205679953322 -58.58242603050596
391.65800787052837 -58.60560787036726
189.6226565522816 -58.663365713752036
146.11157953037812 -58.68819285867403
346.9056613720284 -58.70016172580506
129.0587028955253 -58.70984877950277
182.5665810712262 -58.71782102027924
231.15936534631007 -58.78119834826373
398.7474060220964 -58.81521607337671
143.57072590378795 -58.818347761301965
272.43782344386545 -58.875023655409564
216.45573698259963 -58.966456620361434
317.20683127762175 -58.99112676531251
114.09682383534175 -58.99135552524523
326.21228298366765 -59.078669721144166
233.0087735597626 -59.082926849764
229.2266504565759 -59.12583853152015
55.33229438626898 -59.169438776013486
141.38809098520883 -59.235636065872086
372.7807150251075 -59.24314339524412
377.7624542667499 -59.35491822982874
355.2529903354493 -59.40527395272114
155.41693527103794 -59.439586405132225
129.9250923288544 -59.4472036105135
118.82031238051106 -59.464998623746794
295.0389247190759 -59.6276725485682
222.2205589812895 -59.660065452448855
144.4037926666044 -59.751240050767215
198.5781242525585 -59.77634817894014
354.57820625756796 -59.81212544590628
260.2500567038607 -59.8315469924874
203.45156481503477 -59.855954608448464
200.16928176953792 -59.8818494692509
197.6867428163449 -59.93670501491919
268.8473056961265 -59.943966101580735
130.89978044134966 -59.95308152084693
162.3147280671582 -60.042829536520465
161.54830664536706 -60.04958821233826
338.1001456890585 -60.070566315034995
183.79951988019457 -60.07292650226977
141.92125371341135 -60.13819990867213
165.0138643786835 -60.145924219712526
269.7470177999683 -60.18411386238929
170.7953477126297 -60.20384337055976
160.1487544838354 -60.214488874533174
138.98052804066927 -60.223351872147504
158.37432227903636 -60.25340233523562
257.0594110022737 -60.31272358813647
350.4545257816265 -60.34864567592268
148.24423044318826 -60.43722750932315
362.8089058741945 -60.46723989303198
323.9380107211787 -60.51058093704618
231.8341494241914 -60.53238908238037
239.71496100043507 -60.54165900545706
279.5272215954335 -60.57851564944818
157.55791685147622 -60.58001923855139
142.49606977975472 -60.59278791341482
323.2299039727847 -60.72455760612393
180.72550352540185 -60.807426757252244
264.49036652659646 -60.82314673442695
392.18283993110276 -60.842420271740075
374.6467845738164 -60.8665131346022
280.77682173965815 -60.87521303804606
250.444860905511 -60.9391095538264
210.59927763999994 -60.970710227115546
313.9828629055221 -60.984967036846605
347.4221627649746 -61.01712561092119
194.85431582276894 -61.06761593032601
158.86583166909807 -61.116331222047364
185.8155414462104 -61.116695560659025
351.76244059924835 -61.19920894678143
365.2497914892468 -61.297273353604076
312.30006804463284 -61.297473565884395
254.7934694074129 -61.31126935488624
370.88965347351416 -61.32775358871626
359.26004146459644 -61.33181519210223
179.2759673581012 -61.3690462430583
345.6144078896629 -61.38500624343832
144.83698738326896 -61.42899210818021
220.7460308111044 -61.4325405512543
357.21069722806794 -61.445115838736875
289.92389479538286 -61.46665059226405
183.03309845840343 -61.48472907072564
152.0430148816313 -61.53557786904742
205.03439166438602 -61.55602777464776
227.31059690209804 -61.57624730431028
351.31258454732745 -61.5998917091537
361.41768438029106 -61.623118778720766
279.0023895348591 -61.721304208477456
163.03116548318033 -61.72592110949201
172.96965196358065 -61.730811420434996
202.67681272561546 -61.768091891836775
272.9876475073243 -61.76873615188243
154.11735112104427 -61.769190799042065
387.3093993686265 -61.787000522858165
202.0103593153623 -61.788698392725586
381.61122271096195 -61.788729288923086
276.51985058166605 -61.80164287080127
259.20872325034014 -61.8554884324264
385.2517244644699 -61.86884026131403
367.1825063789809 -61.88682110378903
340.7492979948148 -61.97526050345431
308.68455829400943 -62.00085749690507
204.46790626567085 -62.01451420355878
372.1225922824825 -62.03457205518689
368.95693858377996 -62.03770539577189
301.7867654978892 -62.04008337556075
178.72614329464236 -62.08791002902939
174.50249480716295 -62.089536912411546
399.21392340927366 -62.096021252675655
187.16510960197306 -62.099907667972936
291.65667366204104 -62.14826167388397
258.5089471695743 -62.29561828102425
184.8741760042278 -62.30295964634005
307.8681528664493 -62.30675080260499
365.94956757001256 -62.33168772139294
274.4705063451376 -62.36235726777543
325.5874829115553 -62.42325899152195
181.20035158020724 -62.471038848256626
329.1863313269224 -62.47455949017289
373.7970564757436 -62.52041068138931
226.69412749761386 -62.53099230261481
362.2507511431075 -62.568988002121216
399.7720781403607 -62.77598301421937
371.33950952543506 -62.7942753933448
327.2536164371882 -62.86465154815486
316.74031389044455 -62.87239881526181
398.03929927370245 -62.88836808894717
336.9088602182309 -62.90471069527604
312.89987611386067 -62.91485333267661
332.6685503954952 -62.98550577608601
171.9033265071756 -63.0617759401513
230.3262985834936 -63.1773046326459
348.15526151625306 -63.35468799320345
342.0905354829493 -63.35502694625806
211.44900573807274 -63.49075387573322
356.15270243929103 -63.53786578406309
313.4163775068069 -63.574267942279654
293.30614585241767 -63.591420382145735
305.0107338699888 -63.68210085991427
390.6416664198923 -63.69237532728093
277.68614404960914 -63.84033953242355
319.039578155818 -63.855838983252454
221.17922552776895 -63.95739139951397
376.60449146643504 -64.2659956916329
389.1004929086819 -64.63255067508364
