48.48448559591771 24.58491698024291
24.275565468471513 -15.28718946991266
72.68507505573574 -15.960596770292243
242.40576664433223 -17.489630405070912
5.4149339583069604 -17.830631705595042
96.96064052420725 -22.733850800525556
145.44512612012497 -23.447403533567734
91.54570656590029 -29.05186335517473
311.3170492645094 -29.85573694087599
12.171105404748415 -30.991710791110012
84.78953511945885 -31.07409561995779
193.92961171604267 -31.747387703831887
37.646287011675625 -31.891741266013174
71.4521362467674 -32.28585071127509
19.76867428163449 -33.773730666658814
168.4211074386028 -36.04454547696455
339.37473783616764 -36.09555199329094
95.0945709754984 -36.52870889579549
18.652364819460438 -37.60231884993045
134.61525820351105 -37.66666132454532
234.041776345655 -37.90535786259493
23.292546688348096 -38.595015803062346
25.99168299987341 -39.0454874252477
70.977288191962 -40.21976053111721
387.85089276445717 -40.223184982071835
218.20517718451418 -41.04504997293781
8.380651633933542 -41.24875241193009
80.71583864928637 -41.58317920646287
238.62364354114553 -41.67212705774802
195.55409190353475 -41.77551421379606
266.6146867717784 -41.896880169822204
0.20826669070411388 -41.94529020370239
52.2249553609636 -42.14266168764231
331.01074753749043 -42.19947516899867
20.42679702425949 -42.28328974257702
199.34454567434963 -42.53260396217102
152.49287093355218 -42.672985487551095
102.25061446809175 -43.01113327859259
149.193926552799 -43.29145103717071
11.179755956996832 -43.967982101239635
292.52306309537016 -44.022831259601595
335.5842840653528 -44.06184695800315
343.1152076012135 -44.126098452011796
1.2412694765965187 -44.14658726963629
54.107686244928786 -44.237890925544924
42.861284946906636 -44.422606524821525
378.65383570296353 -44.447474602391445
1.8494082134525311 -44.67030766671331
384.1104229994113 -44.86459205064242
281.6848645111281 -45.01910919563873
4.673504539400315 -45.19628570953126
14.745281701851262 -45.236606863558336
78.30827570474682 -45.26456679730452
249.45351145775945 -45.275837103893814
77.19196624257276 -45.33086646037006
139.8219254711139 -45.448641768461094
290.89025224024994 -45.63163743796386
50.358885812254734 -45.885919870306644
115.6130053436677 -45.93482676796642
177.67647917349362 -45.98461331652757
25.22526157808227 -46.14801946534761
3.7154777621613917 -46.243908578793544
10.305035856039554 -46.27056229146526
191.38042742182432 -46.281349274332854
59.06443348368669 -46.57944795136127
29.898766117482587 -46.608449273596214
324.75441614873887 -46.62522780204349
21.143234440281642 -46.667132092275494
288.34939861365973 -46.6730416018519
120.26151788018352 -46.79194561843277
147.319526336462 -46.81847307059038
67.06187440672467 -46.91784100229646
9.688566451555378 -46.9918611563973
34.13074527259018 -47.17762722941843
2.7574509849224675 -47.20744254051532
385.98482321574835 -47.61214469917676
382.2360227830743 -47.64368677934627
109.42331929594143 -47.704054130709075
9.197057061493668 -47.71253540829545
31.614883648884486 -47.78917559733628
22.042946544123414 -47.83661072480019
333.75153718715654 -47.91624159286683
151.06832676913604 -48.444674204301286
283.00944066400626 -48.54372900565708
13.170785520128161 -48.59347706944783
6.5562354233655045 -48.80304154152747
137.95585592240502 -48.95971149614922
180.27564747348097 -49.18745095992182
16.11151119287025 -49.2070002072125
7.089398151568036 -49.42898542628736
244.2884975282974 -49.70484171420616
62.83822591924524 -49.71788045453379
379.9700811882135 -49.841889425491324
285.26705159123884 -49.84976075319205
16.86127127940506 -49.901547117186105
74.91769398008384 -49.92493797759209
206.39229048777685 -50.21225688364414
98.62677404984017 -50.22132490080738
106.32431093826422 -50.244062032716435
192.05521149970565 -50.37183911213524
363.71694864566444 -50.47988768686552
75.81740608392562 -50.73515901460439
88.58831955790188 -51.270348622864965
47.52645881867878 -51.385829131549485
164.0308455985601 -51.44607101316492
389.7252929807942 -51.47357477187618
17.877612730041136 -51.475613913792735
117.39576821609491 -51.76404836972983
188.63963777215818 -51.834817080929234
36.380025532194615 -52.00625391194558
352.48720868289865 -52.37983037129752
126.50118793367876 -52.45423446578955
92.29546665243511 -52.47636421025268
80.09936924480219 -52.49989383819366
255.5265681586914 -52.69313425373912
341.2491380525047 -52.848582145258035
97.91866730144618 -52.868256051907046
367.8239677863496 -52.991429212693674
241.45607053472148 -53.058523799732875
32.6228944318924 -53.08575046765105
253.6438372747262 -53.46312315039443
287.1164598046914 -53.468867143478256
251.96104241383696 -53.52034188915448
44.87730651292246 -53.554705732560706
240.5313664279952 -53.577280960416154
34.813860018099675 -53.604881650385664
73.64310183297466 -53.683903199729194
104.45824138955535 -53.714144845534
348.7384082502246 -53.765235570706864
26.89972577134335 -53.78534679169491
249.90336750968032 -53.798494443645914
248.0289672933433 -53.81478062357596
152.93439631784491 -53.83319293181743
263.00750768878316 -53.84601575432314
43.81098105651739 -53.89507178415332
216.39742230920248 -53.920579398668075
40.99521539819778 -53.98827442833042
277.23628799768824 -54.00940250669342
212.58197653550312 -54.07974176534043
177.0683404366376 -54.11624546603226
49.43418170552847 -54.27555138849121
29.39059539216455 -54.31171654644697
128.59218550834808 -54.311987782818186
85.7892152348386 -54.323200074943934
39.112484514232584 -54.33220103149238
108.44863118344618 -54.3445241244286
82.22368948998415 -54.46964184665476
209.91616289449047 -54.486184015725314
275.90338117718187 -54.5081044148968
234.91649644661229 -54.619454306861236
304.0110537546091 -54.631890924095046
95.71937104761074 -54.668522695097955
27.416227164289552 -54.679652666198244
35.247054734764234 -54.70454508656524
175.20227088792876 -54.78964197311245
359.8015348604271 -54.790631823111916
207.0337518951455 -54.81125313890532
119.43678178499522 -54.85412307033627
372.87235236901734 -54.98445924380817
318.7729967917167 -55.074072357235686
110.13142604433541 -55.16712480595362
180.81714086931166 -55.18217157652267
101.28425702322465 -55.2232880169524
28.465891285438286 -55.2688473526153
225.5611567001835 -55.34025126770041
190.18081128336863 -55.37944942148501
367.2574823876344 -55.39549811668251
60.58894565964081 -55.400777263807875
397.21456317851414 -55.403787258125554
166.8466112568797 -55.42581334528973
309.40932637765974 -55.451645097686054
30.823470224208855 -55.46249937844906
121.16956065165346 -55.50071125940453
252.97738386447304 -55.538216945007115
260.91651011411386 -55.5860380458065
278.71914683550153 -55.62067440443283
344.77301045921826 -55.63951039514251
306.8768034186977 -55.65299316477188
398.8723660365189 -55.68178597935665
83.84816967747625 -55.81769602785703
59.73088689393986 -55.8368600219416
337.4920069522025 -55.84060816943108
64.87923948814556 -55.980024695186366
67.57004513204271 -56.029208579686205
229.3016264652294 -56.125417528926626
132.33265527339395 -56.133719997354966
69.55274402754587 -56.13691127587634
87.80523680085442 -56.1666992560921
86.6556046681677 -56.216515086283515
369.1318826039714 -56.310024097619085
171.45347045525472 -56.430596466822124
90.42106643609809 -56.477127572194824
173.53613736229585 -56.49843261200352
287.8162358854572 -56.52190015505433
246.16289774463445 -56.52636258982739
289.0158520239129 -56.66054695707671
100.6844489539968 -56.690568739202064
267.3311241878006 -56.72283920279168
63.70461535257435 -56.728319044769414
112.83056235586074 -56.83968205535825
131.41628183429586 -56.85662901386902
40.195471305893975 -56.878317388153356
46.60175471195252 -56.90128963803969
272.2378874207895 -57.01000233604947
320.8723250340142 -57.017381094446854
42.00322618120568 -57.038970350003034
186.44034151832275 -57.06871018235723
305.86879263568983 -57.07229987493981
223.90335384217875 -57.077563301289366
156.6915274181471 -57.07960062718467
328.1366672057737 -57.130705762349066
104.93308944436073 -57.13106292574216
146.8030249435158 -57.14155236561115
370.9979521526803 -57.149514680957544
93.17851742102054 -57.20183336679886
330.01106742211067 -57.23712207769967
103.5085452799446 -57.237473146828584
210.78255232781956 -57.31998513997676
94.04490685434966 -57.32384065121558
349.94635505630845 -57.33307113338748
374.74675258535433 -57.35878883852704
243.36379342157116 -57.363283301393146
298.37952243796985 -57.42250195745405
154.80879653418194 -57.44597831979822
122.968984859337 -57.449696841577314
358.0937479966534 -57.46268388514026
65.32909554006645 -57.48187064197415
223.461828457886 -57.49453577169586
141.68799501982275 -57.581847774565176
214.52302209286546 -57.607601896222626
393.4907547487246 -57.65832325415323
122.46914480164712 -57.705534009125536
395.34849362980526 -57.788017884214845
197.67841214871672 -57.80704300638532
233.01710422739077 -57.81301347620214
99.43484880977213 -57.875279581372446
51.5418406154541 -57.87931524069793
219.92962538354425 -57.95011750577209
213.69828599767717 -58.008935914627735
320.40580764683693 -58.01706545857825
158.5492662992278 -58.0315507223049
310.4006758254113 -58.04335606069253
87.09713005246043 -58.064921268206206
227.4355569165205 -58.06903934880126
125.22659578656959 -58.13878463806159
274.03731162847305 -58.16268091539528
354.34494756397936 -58.186597277391094
364.300095379636 -58.21002336221479
136.0564637031835 -58.25561198109716
166.08852050271673 -58.263424866989794
55.97375579363764 -58.28670863938731
294.64738334055215 -58.3414085045351
231.16769601393824 -58.34573422628099
361.6342817386233 -58.388162241588134
208.6832240855221 -58.390639619078684
61.98849782117245 -58.402993651481495
99.90136619694934 -58.53452433267112
317.12352460134014 -58.53631660986576
270.746697915348 -58.53748843356649
300.2539226543069 -58.564788348354874
76.60048884097309 -58.57356033717619
296.5301142245173 -58.64343346708222
350.6044777989335 -58.69788623364121
89.42138632071833 -58.7181562971029
257.176040349068 -58.71832691367002
384.77687640966445 -58.729226843538974
52.81643276256328 -58.73185937319507
113.41370908983225 -58.7605715694304
201.41888191376262 -58.776259556005506
160.2237304924889 -58.81981657406726
222.19556697840503 -58.83466726354023
124.8017317375332 -58.87997878970028
167.70467002258064 -58.942100566933156
54.574203632106 -58.987834484047916
326.47053368014076 -59.014049270384724
331.8854676384477 -59.26051748255494
182.65821841513602 -59.29961894130884
263.80725178108696 -59.31166688706231
257.634227068617 -59.32994598948064
111.730914228943 -59.374564074548495
184.5659413019857 -59.485426033068755
365.37475150366924 -59.53862859462375
130.6748524153892 -59.72260327877981
279.652181609856 -59.75394874938194
259.2670379237373 -59.79980327108522
57.83982534234651 -59.8087862874847
270.04692183458224 -59.997173342053266
302.32825889371986 -60.0231702530103
307.7431928520268 -60.10352617289391
107.26567638024682 -60.1385980976377
315.23246304974674 -60.158099767115196
116.57103212090662 -60.26493707814353
264.8819079051202 -60.336607170458684
169.72069158859648 -60.404914513235006
141.26313097078636 -60.405412410402825
123.61877693433384 -60.41872312389097
57.09839592343986 -60.60054914564103
105.49957484307592 -60.70602713530236
140.77995224835283 -60.87899850275176
353.07035541687014 -60.88616320393404
203.31827413298413 -60.94410316239557
179.15100734367874 -60.95182272677338
236.7908966629493 -60.95611559975877
256.10138422503474 -60.967199198003904
301.8950641770553 -61.06810771053836
313.3663935010379 -61.12405497381977
376.6211528016914 -61.14468099366323
340.3244339457784 -61.25002131176458
355.2529903354493 -61.298128047192286
307.31832880299044 -61.40827011542661
111.25606617413763 -61.43689807046928
82.89014290023732 -61.480614286618334
352.02069129572146 -61.61703104966987
274.46217567750944 -61.681670880179496
205.40094104002526 -61.68543261237935
144.2121873111566 -61.770423523863066
58.572924093624984 -61.773908002383536
396.53144843300464 -61.78453918234471
391.61635453238756 -61.793885747387755
161.8398800123528 -61.796717355210944
129.500228279818 -61.86702046500731
185.2240640446107 -61.9256698001715
162.3147280671582 -61.984296789209004
322.52179722439075 -62.0119404765274
268.4224416470901 -62.06764871582063
356.2693317860854 -62.20864007313016
64.32108475705853 -62.26179477205545
211.2240777121123 -62.315540191624734
137.23108783875472 -62.33691268698982
322.97165327631166 -62.35820644054757
114.59666389303162 -62.52469599689845
135.53163164260914 -62.558537428937065
161.08178925818984 -62.57205989874302
332.34365435799674 -62.58201702168253
155.3336285947563 -62.609026766027796
118.21217364365503 -62.63959832898197
215.07284615632432 -62.64413735359461
217.24715040727526 -62.694390875083265
373.3388697561945 -62.74058045242176
276.3782292319873 -62.76210807206687
145.87832083678953 -62.7783178987633
370.5647574360157 -62.78882580010046
222.99531107070882 -62.78905604310382
118.77865904237022 -62.82032730900634
346.8890000367721 -62.84819777521934
204.70116495925944 -62.8548364031112
302.7614536103844 -62.905004007836624
172.5864412526851 -62.923279917101986
365.99955157578154 -62.95811070339513
143.33746721019932 -63.21779336595272
138.58065599451737 -63.29234745616086
202.0770046563876 -63.3127688933346
233.47529094693982 -63.391009562025864
136.78123178683384 -63.41131290666997
181.75850631129427 -63.41235118790226
200.9273725237009 -63.448533311922745
202.67681272561546 -63.528249281299374
336.0674627877863 -63.52921468789351
157.31632749025945 -63.587568183369854
295.6720554588164 -63.7593730386129
258.0924137881661 -63.77623455694361
277.98604808422306 -63.852146756002135
153.65916440149522 -63.87531956700146
386.64294595837333 -64.06725547672778
195.01259850770407 -64.09066785454642
355.7694917283955 -64.21244181197217
148.11093976113762 -64.21826792736458
235.83286988571038 -64.26771714755493
254.3019600173512 -64.34366277147393
398.43084065222615 -64.34824269108576
228.37692235850312 -64.38611586070117
154.16733512681324 -64.41040424346855
189.15613916510438 -64.44262533075515
289.8655801219857 -64.55553877647172
293.96426859504265 -64.5609600069571
178.42623926002844 -64.5661025355458
299.48750123251574 -64.57398324752931
149.71875861337338 -64.79871367191429
353.70348615661067 -64.8023689083664
351.3042538796993 -64.80698988813913
312.55831874110595 -64.85588509541138
170.63706502769458 -64.87376259217477
198.42817223525154 -64.88987025860052
200.31923378684488 -64.8952615548095
317.8566233526186 -64.92139806215374
174.31088945171516 -64.94054495895044
247.27920720680848 -64.95612856484212
230.64286395336387 -65.02817216494846
133.34899672403003 -65.03644566971933
381.49459336416766 -65.06431622151075
254.82679207792557 -65.08708620991955
232.56724817546987 -65.09780581719362
392.1661785958464 -65.10871577559534
342.45708485858853 -65.12520003359872
207.84182665507748 -65.19007243380203
251.11964498339233 -65.21031288842039
366.8076263357135 -65.24446218439657
375.91304605329736 -65.31584864279529
362.29240448124835 -65.37123852641996
373.82204847862806 -65.40368992283483
221.10424951911546 -65.42195133081555
372.0059629356882 -65.45185878912257
162.90620546875786 -65.5198875751006
218.90495326528 -65.56104427199249
259.74188597854265 -65.67571822144778
237.74892344018824 -65.71729970220026
396.0815923810838 -65.75995500743545
291.8399483498607 -65.76611515259972
284.3173554816281 -65.85945447654323
284.817195539318 -65.93828541601512
262.04948091154426 -65.97906042419257
345.91431192427683 -66.16296783652972
388.7922582064398 -66.33653310644351
299.0543065158512 -66.43534815849829
377.6541555875838 -66.43574472676771
