48.48448559591771 26.292934624187023
24.408856150522148 -7.68425705538289
72.56011504131328 -8.724710409560272
242.40576664433223 -11.557904896301634
339.37473783616764 -14.484171153455756
145.44512612012497 -16.427067185278062
5.4149339583069604 -16.894445887331788
311.42534794367555 -16.94793214205376
96.96064052420725 -22.757864275357758
334.7178946320237 -23.216442358509614
71.49378958490821 -25.381578679962505
91.54570656590029 -26.012801983328924
84.5895990963829 -26.632004222554126
12.371041427824364 -26.95618345057809
19.777004949262654 -27.457949905767922
193.92961171604267 -27.78371431417037
37.646287011675625 -27.796370142348565
266.4813960897278 -29.856436821676485
168.45443010911546 -30.177666166113326
237.7572541078164 -30.54256983056528
218.33013719893665 -30.730682709815643
53.132998132433535 -30.744418097994224
43.82764239177372 -31.7960541052075
77.19196624257276 -32.26078020410922
18.744002163370247 -32.33585622886798
20.543426371053794 -33.07152959653266
134.61525820351105 -33.320465279251614
23.109272000528474 -33.89759380029864
234.041776345655 -33.911139803817456
95.06124830498574 -35.13295803798625
363.4503672815632 -35.22189566631691
49.15093900617087 -35.26331712330518
315.29910839077206 -35.570406275189136
387.85089276445717 -35.72354985870091
73.85969919130694 -36.164086191856505
22.042946544123414 -36.170736610151486
117.50406689526105 -36.178917513478446
25.041986890262653 -36.712585393795706
238.62364354114553 -37.34770300669149
80.71583864928637 -37.39348818808361
42.861284946906636 -37.44278345203346
195.55409190353475 -37.62741726189738
74.91769398008384 -37.91201137043456
47.81803218566455 -37.919998416649996
152.49287093355218 -38.00110738064462
78.50821172782277 -38.11686909962099
21.143234440281642 -38.47527728457704
331.01074753749043 -38.54982191804992
102.25061446809175 -38.65135219276784
292.52306309537016 -39.12517356741492
335.5842840653528 -39.49663238464728
8.380651633933542 -39.529531280655796
281.6848645111281 -40.19399863386826
54.107686244928786 -40.269495591818185
75.81740608392562 -40.33685899127505
0.9663574448670884 -40.38884755733747
378.65383570296353 -40.7930234560177
4.6568432041439864 -40.801081810054434
249.45351145775945 -40.829648608448046
199.34454567434963 -41.00934012504336
10.11343050059177 -41.10827094648423
7.939126249640821 -41.414020320841125
149.25224122619616 -41.41951461143542
52.28327003436075 -41.79165028539848
358.7935240774192 -42.010929806360174
324.75441614873887 -42.06270696014132
177.67647917349362 -42.39992950661125
120.26151788018352 -42.41386066405281
0.11662934679430377 -42.543246682334505
67.90327183716929 -42.572291073425426
59.06443348368669 -42.632867937723326
13.37072154320411 -42.64216614074712
131.4579351724367 -42.815883730672226
10.988150601549048 -42.99916404378294
29.057368687037968 -43.03618200440786
287.35804916590814 -43.293955593764224
34.13074527259018 -43.42653995014242
35.155417390854424 -43.50013988274335
290.89025224024994 -43.505089188749196
1.7494402019145565 -43.538664781269745
310.6422651866281 -43.71202544643854
6.414614073686708 -43.7461801876341
9.205387729121833 -43.814315566807814
121.28618999844775 -43.88160747528048
384.31868969011543 -43.916495892061754
109.42331929594143 -43.95220745354958
29.698830094406638 -44.009239321833824
3.5322030743417714 -44.07403942752047
191.43874209522147 -44.206738529927655
115.41306932059175 -44.57409069351156
15.045185736465186 -44.57563690940547
17.65268470408069 -44.687954003600005
180.27564747348097 -44.69247124796228
67.38677044422309 -44.74876376357407
343.17352227461066 -45.307170266697824
50.300571138857585 -45.50336177430615
62.83822591924524 -45.57176148134056
278.51921081242557 -45.629501483665386
147.26121166306484 -45.695494456390726
247.0626098484762 -45.74380491601776
70.96895752433385 -45.78269323182926
251.9527117462088 -46.108947841781685
243.0722200545854 -46.278476440983106
31.614883648884486 -46.313052216121
25.99168299987341 -46.39427635488414
228.41857569664393 -46.41627109633029
98.35186201811074 -46.464374319942806
385.95150054523566 -46.6612727479775
206.39229048777685 -46.73704528824856
280.7434990691455 -46.85832301448611
61.80522313335283 -46.888894482215164
288.4077132870569 -46.943692505780604
296.3051861985569 -47.031207470188654
348.9216829380442 -47.05599842549233
338.7082844259145 -47.120336614953686
140.78828291598097 -47.12419719457633
92.31212798769144 -47.360915614940446
377.7874462696344 -47.393013168156244
7.047744813427213 -48.04136974186551
17.13618331113449 -48.08482277539658
344.0232503726835 -48.18519985029829
106.43260961743036 -48.19387821319848
367.8239677863496 -48.21129323414723
137.88087991375156 -48.32511491357527
16.503052571393983 -48.32855939915412
80.00773190089238 -48.49615185271288
265.7066440003085 -48.53002481711027
164.3557416360585 -48.568041397441135
209.91616289449047 -48.68983649991691
95.99428307934016 -48.77254713567944
15.536695126526896 -48.800852664831844
126.50118793367876 -48.81401867577503
188.63963777215818 -48.854271148663564
192.03021949682116 -49.015539259819235
88.58831955790188 -49.14752701375023
277.23628799768824 -49.21483762339474
285.18374491495723 -49.55094252128162
122.75238750100472 -49.5510302575201
83.93147635375789 -49.55641856799158
165.8136084709873 -49.55975310710907
104.89976677384807 -49.829050087117515
173.3861853449889 -49.843583578913375
213.69828599767717 -49.86569915611031
65.35408754295094 -49.884092598611915
86.84721002361549 -49.89700622707657
45.39380790586866 -49.92236007572819
306.8768034186977 -50.00374351064258
112.83056235586074 -50.089523946498694
166.8466112568797 -50.21082176902669
107.9487911257563 -50.21762144605256
244.23018285490025 -50.39002069267452
389.75861565130685 -50.39120771199961
110.45632208183383 -50.42394423112054
382.18603877730527 -50.46927471072556
261.83288355321196 -50.660312500960025
87.76358346271358 -50.69573633861874
235.0997711344319 -50.70832360855814
40.91190872191613 -50.78305531156627
340.0411912464208 -50.828051526300555
247.81236993501102 -50.87937543594618
76.72544885539556 -51.003024961227055
85.58927921176264 -51.12389325864435
219.71302802521197 -51.16439327909666
81.91545478774206 -51.20080982846943
255.60154416734488 -51.20601836025369
91.0042131700696 -51.21851079761971
46.66006938534967 -51.225704597009695
217.03055304894298 -51.39170958868838
309.3426810366344 -51.49414751230015
380.28664655808376 -51.54052982600666
26.94137910948417 -51.589548185359895
28.407576612041133 -51.64744715823401
267.3311241878006 -51.73513139960846
82.39030284254746 -51.77201921407189
359.90983353959325 -51.778887630104954
252.97738386447304 -51.796479369799094
139.8219254711139 -51.96752024901324
27.916067221979425 -51.97759282926751
236.78256599532114 -52.0464383889188
352.56218469155215 -52.136401243633564
241.08119049145407 -52.34397817270631
36.438340205591764 -52.4252825838608
208.88316010859805 -52.44288467286919
218.97159860630532 -52.4954938020177
190.12249660997148 -52.58429395122271
304.07769909563444 -52.690353073302674
207.4169626060411 -52.75417253656085
156.2749940367389 -52.866832913092985
262.78257966282274 -52.87268056725847
212.38204051242715 -52.93553954866834
32.6228944318924 -52.96463837473328
263.80725178108696 -53.00372292008367
93.42843744986548 -53.02991014437388
303.2612936680743 -53.122666144892605
151.06832676913604 -53.1531262450092
103.37525459789396 -53.213607640353764
341.19082337910754 -53.28231074321379
333.75153718715654 -53.32065132843767
305.8438006328053 -53.406333697376574
39.31242053730853 -53.58796434282789
240.58968110139236 -53.59921191420548
99.89303552932118 -53.64251300644378
101.61748372835125 -53.68367944375311
375.4798513366328 -53.697898337602574
47.15157877541138 -53.709841384357794
81.42394539768036 -53.76363785170474
41.994895513577525 -53.77719219479036
32.073070368433534 -53.82830377935468
89.25477296815504 -53.866721502838736
59.73088689393986 -54.05594424379575
94.00325351620884 -54.08725206652389
176.9767030927278 -54.09918046827238
364.300095379636 -54.23578592719127
223.461828457886 -54.23770362314795
49.80906174879588 -54.28158337551264
30.823470224208855 -54.3410061371834
119.20352309140662 -54.411160616010164
271.1382392938718 -54.44263496655585
225.29457533608223 -54.55360688241844
40.195471305893975 -54.56985425350871
106.93244967512022 -54.5963070398685
44.60239448119303 -54.70410348706181
273.93734361693504 -54.72328072811613
69.98593874421043 -54.807804381879016
270.3551565368243 -55.00115383255247
175.4771829196582 -55.025360547978494
146.8030249435158 -55.22118189478122
283.1094086755442 -55.32449353212419
337.5503216255996 -55.34243743822569
275.75342915987494 -55.421550936808785
214.4647074194683 -55.442182284998786
344.7813411268464 -55.455356194034806
89.87957304026739 -55.4610544451043
111.53930887349523 -55.513805052069735
396.53144843300464 -55.51777659367183
90.54602645052054 -55.532307359040686
383.2023802279414 -55.54729286839827
298.5461357905332 -55.56243041714805
330.08604343076416 -55.59908864357448
289.03251335916923 -55.626384728127526
198.5781242525585 -55.65254840341586
132.2576792647405 -55.748387988706014
150.0936386566408 -55.760845092255465
224.26990321781798 -55.81654464305952
69.21951732241929 -55.82450863690486
163.78092556971515 -55.82938627179737
56.04873180229113 -55.854566321500236
100.592811610087 -55.94698714007068
41.436740782490496 -56.01040156193681
169.695699585712 -56.04631613552619
116.71265347058542 -56.078788853866875
322.25521586028947 -56.11829108583842
104.10002268154427 -56.198313160229425
358.15206267005055 -56.21826950873746
246.04626839784012 -56.23885032721983
332.06041165863917 -56.26822507311511
112.1307862750949 -56.362565257361375
256.10138422503474 -56.36601795902647
320.58908233465655 -56.39974262165757
111.08945282157434 -56.44491154441247
64.88757015577372 -56.46713402387824
397.3645151958211 -56.50099371365868
186.3570348420411 -56.53635679740634
261.1914221458433 -56.63572737560035
182.2250236984715 -56.702669699692514
57.864817345230996 -56.73556481108816
128.4922174968101 -56.755276720444776
300.40387467161383 -56.82076032598018
349.9380243886803 -56.83762113699413
362.8089058741945 -56.86151216939762
249.97834351833382 -56.88151008164891
64.42105276859651 -56.910529055695626
171.2202117616661 -57.146918859426854
123.77705961926895 -57.16212793997098
135.18174360222625 -57.25302477843266
58.422972076318025 -57.293272748217106
57.33165461702847 -57.30992583577957
153.0510256646392 -57.32681451917128
253.785458624405 -57.3463923995188
60.52230031861549 -57.37023316761421
153.52587371944458 -57.50489594707947
215.9725582601661 -57.52458730444348
398.6640993458148 -57.67698583381616
395.42346963845876 -57.69144804635298
321.0306077189493 -57.69265250125128
124.88503841381484 -57.739814571319954
320.0392582711977 -57.74220369887552
167.86295270751577 -57.85227272060711
201.49385792241608 -57.88001928277858
133.63223942338763 -57.93446238540191
63.36305797981961 -57.962851229144825
241.74764390170722 -58.05260294194007
136.081455706068 -58.0725223250244
317.27347661864707 -58.10567545464223
192.5133982192547 -58.22944599903884
243.76366546772306 -58.2605047568784
160.01546380178476 -58.3955013407194
125.43486247727371 -58.4630657827797
130.9081111089778 -58.47213655569082
130.0167296727642 -58.47625780115617
229.17666645080692 -58.49065721397156
118.6453683603196 -58.50385850314074
272.43782344386545 -58.51989259624113
143.32913654257118 -58.531245739056025
55.47391573594777 -58.64148843002661
232.9837815568781 -58.69465999446249
223.00364173833697 -58.72695858629991
295.5470954443939 -58.746534922404294
141.63801101405377 -58.78426937626019
342.0905354829493 -58.84778104210557
346.93898404254105 -58.878207407590516
154.87544187520723 -58.89298327421317
279.43558425152366 -58.91987712958354
354.9447556332072 -58.926455569314896
199.88603907018035 -58.94426098836834
118.21217364365503 -58.96421616533388
54.89909966960442 -58.98182292848326
197.72839615448572 -58.99758767314645
374.58013923279105 -59.03255304241184
144.7786727098718 -59.12879677316747
132.69087398140502 -59.229419456060725
328.1283365381455 -59.235214898131034
391.4913945179651 -59.23545878979232
158.21603959410123 -59.25085593737085
137.1394504948449 -59.26716235378249
163.3227388501661 -59.33645842227761
315.94056979814076 -59.369853968261395
286.23340903610597 -59.375844736636644
294.9889407133069 -59.39527499918838
269.7470177999683 -59.4055124557237
113.56366110713921 -59.415822949664424
231.15936534631007 -59.429068543234614
366.7909650004572 -59.5998241409607
210.96582701563918 -59.71611569961226
361.35103903926574 -59.72215941959147
301.48686146327526 -59.737931008899714
259.27536859136546 -59.7421599041846
364.7499514315569 -59.783535484792175
257.9757844413718 -59.87036639885975
260.24172603623254 -59.914961748917726
370.82300813248884 -59.94979871704364
291.65667366204104 -60.01911933884778
226.4525381363971 -60.044287662878126
353.062024749242 -60.10795017243381
268.8473056961265 -60.11256875682265
386.8762046519619 -60.145860929339456
185.88218678723572 -60.14809308452154
222.1539136402642 -60.186636160824975
220.7460308111044 -60.216564439922216
196.31218265769775 -60.29373310706465
127.63415873110915 -60.387587768316884
379.1036917548844 -60.41106028771883
114.17179984399523 -60.44008017438122
139.03884271406642 -60.56517692041527
264.49036652659646 -60.577995143928284
158.64090364313762 -60.58190576510674
129.25863891860124 -60.61586994246681
391.9745732403986 -60.62759446261396
202.30193268234805 -60.65142478706722
294.5224233261297 -60.678420637398
157.72453020403952 -60.69108628865215
395.8983176932642 -60.69232062797113
282.14305123067714 -60.7392550077156
313.9995242407784 -60.933034509706296
179.1176846731661 -60.99001407660055
350.6211391341898 -61.00703701856804
256.65953895612176 -61.04186327725472
351.57083524380056 -61.1226094897655
393.6073840955189 -61.13475833013294
347.53046144414077 -61.223462784575894
161.4233466309446 -61.295191394463835
392.5077359686012 -61.304180554661734
227.2272902258164 -61.31305732118994
205.3426263666281 -61.343851907204346
372.5974403372879 -61.384598769453284
229.63485317035597 -61.48178099622506
336.71725486278314 -61.49722073086776
221.69572692071515 -61.529018851241666
251.07799164525153 -61.54612644834854
155.4752499444351 -61.573319046887526
232.46728016393192 -61.576701190749304
172.64475592608224 -61.58825305610274
274.8620477236613 -61.59200604618723
220.30450542681166 -61.59220265294159
178.56786060970722 -61.601266375096706
325.7540962641186 -61.604800424780905
203.0183700983702 -61.627998774889114
250.56149025230533 -61.641244088580244
194.89596916090977 -61.654641787756
346.4224826495949 -61.69857577149393
297.0799382879762 -61.71062752844799
275.3202344432104 -61.726307871017724
184.4992959609604 -61.814326389194434
208.01677067526893 -61.81909749694311
312.8249001052072 -61.83631076330463
162.57297876363128 -61.83976781170872
159.5656077498639 -61.865641189891896
323.41317866060433 -61.87365564247646
302.6948082693591 -61.92926276527472
365.8579302261028 -61.94459329916805
183.35799449590186 -61.94842431855756
225.9610287463354 -61.968863376567924
203.78479152016135 -62.02520456745458
187.58164298338127 -62.05138500789329
254.59353338433698 -62.14262538826994
230.5179039389414 -62.18149624248911
313.5080148507167 -62.253274929641655
319.1228848320996 -62.2689472632801
200.33589512210122 -62.28132121881391
388.4840235041977 -62.282177835962976
353.9617368530838 -62.283847702131
357.20236656043977 -62.29719642157255
308.75120363503476 -62.327812985894546
171.91165717480376 -62.33181986106487
375.04665661996825 -62.34175738490794
245.62140434880374 -62.36804296843468
394.473773528848 -62.41008724864719
205.8174744214335 -62.419297901113
258.82551253944456 -62.443076285921244
308.1014115600379 -62.45637360306693
385.4683218228021 -62.49210297656958
186.86520556735914 -62.50204282070897
200.9273725237009 -62.55161074910541
176.07699098888602 -62.62472344508999
381.2446733353227 -62.74985734586957
390.2751170442531 -62.752164683871776
360.5346336117056 -62.78243345094071
307.5932408347199 -62.80716107661692
328.761467277886 -62.83988745038065
268.25582829452685 -62.92308788574356
369.4401173062135 -62.924794819791295
302.2282908821819 -62.93501623334529
181.16702890969458 -62.93558881731997
322.9299999381708 -62.99495442210006
276.31991455859014 -62.99854104280879
373.63044312318027 -63.0386034150978
369.94828803153155 -63.04192266177527
355.86945973993346 -63.061841144949454
390.7582957666866 -63.064610656344165
299.51249323540026 -63.069637239072115
293.4644285373528 -63.19462499792399
235.84120055333855 -63.210784765770306
326.6038243621914 -63.333498977709326
273.0293008454651 -63.35817753087335
394.04057881218347 -63.38227942205963
399.40552876472145 -63.405907857868975
356.402622468136 -63.41250195238043
304.68583783249045 -63.43121803472817
324.18793075002367 -63.45924319425975
373.1805870712594 -63.462172796113464
327.08700308462494 -63.52638942807897
389.2421142583607 -63.54179822392128
345.53110121338125 -63.65483856943845
318.64803677729424 -63.677196783413535
244.69670024207747 -63.706938069023245
371.4061548664604 -63.81310426189925
361.86754043221197 -64.15649430583606
283.96746744124516 -64.5648465805737
