48.48448559591771 26.315813118462334
24.408856150522148 -7.83947561670325
72.56011504131328 -8.399591095336483
242.40576664433223 -11.55549660098601
339.37473783616764 -14.418729674421906
311.33371059976577 -14.634976968185134
145.44512612012497 -16.40349526527235
5.4149339583069604 -16.811471209905996
96.96064052420725 -22.916599802374282
71.4521362467674 -24.01883942473081
334.74288663490813 -25.202736457484672
91.54570656590029 -25.918137030603095
84.59792976401106 -26.262817390260196
12.371041427824364 -26.785407952036504
193.92961171604267 -27.840379634821744
37.646287011675625 -27.93744803396491
168.41277677097463 -28.24054272756871
18.83563950728006 -28.987767710053287
19.777004949262654 -29.536697279629763
266.4813960897278 -29.956443442188164
218.33013719893665 -30.39175035086339
20.44345835951582 -30.475120987232653
53.116336797177205 -32.074211153969195
237.77391544307272 -32.11000316679318
43.85263439465822 -32.787331910119825
134.61525820351105 -33.26441343889528
234.041776345655 -33.814624952320635
23.092610665272147 -33.98253800085766
77.1836355749446 -34.11564355571923
363.4503672815632 -34.852248398064965
49.14260833854271 -35.13493657236064
95.0695789726139 -35.23645520171169
315.29910839077206 -35.53081703969531
387.85089276445717 -35.6711349532218
117.41242955135124 -35.797980980166635
73.87636052656327 -36.24101140670203
238.62364354114553 -36.6531228814741
78.1250010169272 -36.92129239787129
25.066978893147144 -37.510435414527485
80.71583864928637 -37.61400703692865
191.38042742182432 -37.62045583689992
195.55409190353475 -37.67214376180551
42.861284946906636 -37.71025203918416
8.005771590666138 -38.027694388278356
21.809687850534804 -38.18579555018402
331.01074753749043 -38.222343641238545
22.40949591976265 -38.266433768854
152.49287093355218 -38.31326388201069
21.143234440281642 -38.36727645291547
47.81803218566455 -38.590102583528726
292.52306309537016 -38.94938448923029
288.3660599489161 -39.13664496391778
335.5842840653528 -39.5603333965684
281.6848645111281 -40.05049611560148
74.91769398008384 -40.083785677593546
54.107686244928786 -40.0947324175017
75.81740608392562 -40.14231812516224
102.25061446809175 -40.37962719611943
9.83851846886234 -40.55616220743962
287.2580811543702 -40.9460075204019
249.45351145775945 -41.00905832160902
378.65383570296353 -41.02157849826764
1.6578028580047464 -41.04167746602982
199.34454567434963 -41.11148810867143
4.623520533631328 -41.123792881322665
52.26660869910442 -41.318137984619
149.23557989093985 -41.373516999232876
131.41628183429586 -41.40328183895254
121.19455265453794 -41.44275961532892
324.75441614873887 -41.76409304741983
35.063780046944615 -42.07193607923839
0.7830827570474682 -42.29681389320957
67.29513310031328 -42.36377305282257
34.12241460496202 -42.37687000459498
120.26151788018352 -42.68370010609106
177.67647917349362 -42.772972284155514
384.2270523462056 -42.936974843197326
70.977288191962 -43.266636642111486
109.42331929594143 -43.310360838074416
310.65892652188444 -43.44426163335523
3.0073710137674046 -43.45253259364083
14.678636360825946 -43.461265252335636
29.698830094406638 -43.563041137311
59.06443348368669 -43.56891745808601
358.8185160803037 -43.59842790455795
5.956427354137657 -43.61083792077273
9.122081052840187 -43.736816700950556
7.480939530091771 -43.94960603844233
3.6654937563924044 -44.056566661622604
290.89025224024994 -44.063751615090176
0.22492802596044298 -44.1946624304069
31.614883648884486 -44.28298801091379
67.92826384005379 -44.304462030811784
283.24269935759486 -44.308565377833986
6.414614073686708 -44.38702329848585
29.057368687037968 -44.40655046322331
62.83822591924524 -44.572162265884
25.99168299987341 -44.8447874708044
343.1568609393544 -44.85731719518669
50.317232474113915 -44.964745455081605
228.37692235850312 -45.03829512680135
180.27564747348097 -45.31219491497743
17.994242076835437 -45.355002500846865
104.96641211487339 -45.52344180319642
17.002892629083856 -45.69766586952732
11.371361312444618 -45.759488467975096
296.3051861985569 -45.78872574388705
380.21167054943027 -45.8503135317607
13.820577595124997 -45.99620638934589
115.41306932059175 -46.11762507619699
278.51921081242557 -46.32772355775884
98.35186201811074 -46.352387890057464
206.29232247623887 -46.39368864106803
61.89686047726264 -46.43720555386583
15.769953820115502 -46.51663726083717
76.51718216469143 -46.5449644732201
147.27787299832116 -46.654208906101466
385.95983121286383 -46.732434314369165
243.0722200545854 -46.79863987107692
137.89754124900787 -47.32822770686095
88.58831955790188 -47.488441154393406
188.63963777215818 -47.54899564737582
12.995841499936706 -47.623675114162204
92.33711999057593 -47.63343439669296
165.9135764825253 -47.67002478681304
16.35310055408702 -47.69024897514087
122.84402484491453 -47.88794640564284
338.7082844259145 -47.89276779701822
277.23628799768824 -47.916518344866894
367.81563711872144 -48.00844114329067
247.04594851321988 -48.08294436323221
173.48615335652687 -48.187339982210624
164.22245095400788 -48.21821886024585
126.6594706186139 -48.279889838867206
79.78280387493194 -48.37445966899048
285.475318281943 -48.50463987577742
28.382584609156638 -48.5665384024986
11.829548031993669 -48.691363124465944
251.96104241383696 -48.753204080090654
348.9216829380442 -48.98740780417322
32.63122509952056 -49.03414801892159
87.12212205534492 -49.216153566205186
140.81327491886546 -49.32199691323296
110.36468473792402 -49.379953228639664
101.60915306072307 -49.475928277311006
265.86492668524363 -49.515111252408154
82.4736095188291 -49.62807035451394
382.2027001125616 -49.689681553911434
192.03021949682116 -49.74770607248352
344.00658903742715 -49.821458930258295
209.91616289449047 -49.94051305695471
244.2468441901566 -50.060622100935554
166.8466112568797 -50.136332372584086
389.7502849836787 -50.18233942512105
340.0328605787926 -50.26563092646982
95.99428307934016 -50.27509619761835
213.69828599767717 -50.31146493531826
91.01254383769776 -50.380563794947534
83.14006292908226 -50.45252227108125
306.8768034186977 -50.596423620533876
287.8162358854572 -50.65854495607362
208.97479745250786 -50.91913718044788
93.29514676781486 -50.93153867847167
45.39380790586866 -50.95876097949097
219.80466536912178 -51.064224574823534
304.0610377603781 -51.19625512952206
267.3311241878006 -51.34429606366925
236.78256599532114 -51.49169433951203
139.8219254711139 -51.49618226663497
207.3253252621313 -51.50832909801995
104.50822539532435 -51.51091973785814
234.85818177321514 -51.640448099125685
89.27143430341137 -51.64186862883516
252.97738386447304 -51.761067366104534
247.81236993501102 -51.7615661750773
255.5765521644604 -51.77634499490198
176.7434443991392 -51.783964166776435
102.91706787834491 -51.80017285061687
112.83056235586074 -51.88177841689416
262.8742170067325 -51.88204746506756
40.93690072480062 -51.88382942111968
261.8495448884683 -51.90717256554294
39.22911386102689 -51.91381028761628
99.97634220560282 -51.941318378848166
212.38204051242715 -52.007882561292206
47.15157877541138 -52.07664368590286
375.488182004261 -52.19449103372133
190.1391579452278 -52.47236638368059
305.9354379767151 -52.605755158663406
103.37525459789396 -52.634535802994
44.69403182510284 -52.67586692215008
151.06832676913604 -52.709054240859
27.416227164289552 -52.75666818021597
333.75153718715654 -52.90200619119523
359.77654285754267 -52.98951423679146
89.99620238706169 -53.03097859478934
217.01389171368666 -53.09829977526439
38.5459991155174 -53.14806819234883
218.9965906091898 -53.18146288421956
364.300095379636 -53.254504433249714
241.08119049145407 -53.26208672000438
309.3426810366344 -53.29168146992441
270.4467938807341 -53.33538005468598
168.8959554934082 -53.36619363930129
40.195471305893975 -53.36742142495819
156.6915274181471 -53.3773266033943
344.77301045921826 -53.53858317724714
106.40761761454586 -53.64365076610404
214.3730700755585 -53.73713080014942
263.81558244871513 -53.81987512086504
303.2612936680743 -53.84905200315709
49.80906174879588 -53.870060460233596
341.20748471436383 -53.956255536978425
261.1914221458433 -53.962573084657635
33.57259054150315 -54.05113234306388
352.5455233562958 -54.05382044641254
99.33488079823415 -54.05469324946635
36.221742847259485 -54.15325297760081
85.03945514830377 -54.206045132210164
225.20293799217242 -54.22162500202799
81.29898538325789 -54.29404028783012
57.73152666318037 -54.400301274298876
240.42306774882906 -54.40054646893562
223.62844181044932 -54.403849418555865
85.78088456721042 -54.62575124297471
41.436740782490496 -54.65104977479786
51.06699256064872 -54.697420321837875
125.35155580099206 -54.708872131408036
103.86676398795568 -54.76877512314466
273.96233561981956 -54.85242393413597
36.71325223732119 -54.855327906599534
107.7405244350522 -54.89924784998101
256.10138422503474 -54.98073833414941
322.1635785163797 -54.988167766057444
119.37846711159807 -55.02259620067207
59.73088689393986 -55.035124382414814
46.52677870329904 -55.04593674225173
384.77687640966445 -55.11430675371446
100.74276362739397 -55.24827244227375
122.01095808209807 -55.248999584663984
349.9380243886803 -55.266555868122275
108.66522854177846 -55.28087836249921
69.8276560592753 -55.33761423584661
65.35408754295094 -55.427670582121834
146.8030249435158 -55.44183912219918
224.26990321781798 -55.67691530678161
153.37592170213762 -55.71613542339969
289.02418269154106 -55.7330850541154
169.52075556552052 -55.74002029920232
192.92993160066294 -55.78463645604131
298.49615178476415 -55.79051301380079
182.13338635456168 -55.79210366430956
246.07959106835278 -55.813054713035854
337.5336602903433 -55.84369010059982
222.96198840019616 -55.9910125915412
175.4771829196582 -56.04864693768193
271.1299086262436 -56.19952221302281
346.9223227072847 -56.21073107878434
69.03624263459967 -56.232464732143406
51.550171283082264 -56.304635178642876
275.79508249801574 -56.44951827507767
150.07697732138445 -56.4801255166976
216.38076097394614 -56.570245385085705
395.3984776355743 -56.609310112771546
392.07454125193664 -56.63645937029029
60.913841697139226 -56.66838397363157
253.74380528626418 -56.69230299730513
56.023739799406634 -56.70162018970647
132.2743405999968 -56.73536460953946
157.80783688032116 -56.854142414033674
171.2868571026914 -56.90850253068836
113.76359713021516 -57.00930152398005
383.22737223082584 -57.027128184467905
162.3147280671582 -57.03493630660239
116.73764547346991 -57.04116100820429
397.32286185768027 -57.04876466124753
377.77911560200624 -57.054129600608896
63.56299400289556 -57.08736413390381
198.553132249674 -57.114864443088656
330.09437409839234 -57.16018226160512
135.5482929778655 -57.177573121899265
249.9533515154493 -57.23271783866665
112.09746360458226 -57.321465779208346
358.15206267005055 -57.33404683393946
141.77963236373256 -57.3565987280048
231.15936534631007 -57.37526160863854
111.3810261885601 -57.38598696147673
144.78700337749996 -57.43505976134568
201.4688659195316 -57.54486173966992
123.78539028689713 -57.559808606629225
396.53144843300464 -57.56609461452948
321.23054374202525 -57.59197274478043
127.5508520548275 -57.595366403769496
331.8271529650506 -57.615247807547654
320.58908233465655 -57.61724877729265
328.1283365381455 -57.61775687265208
279.10235754639706 -57.665178814352196
300.3288986629604 -57.7113995634977
186.38202684492558 -57.75917140418796
295.1055700601012 -57.87928552299655
243.76366546772306 -58.00560945921773
257.88414709746195 -58.065651553101596
56.77349988594144 -58.09729775879177
257.0344189993892 -58.126819873985596
114.38006653469934 -58.18904212501668
393.35746406667397 -58.23388166470107
65.97888761506327 -58.24786584073552
136.2730610615158 -58.28555585043795
137.12278915958856 -58.35918099414585
313.9828629055221 -58.36963318262042
64.07949539584176 -58.45746918298931
172.5864412526851 -58.55359600612991
315.9572311333971 -58.563158077359425
143.5540645685316 -58.604489317080116
320.1392262827357 -58.65658080557157
144.13721130250312 -58.71580988031162
158.64090364313762 -58.74466664343192
317.23182328050626 -58.80150032692194
275.1619517582753 -58.80656146787944
55.465585068319605 -58.83004949975449
272.0546127329699 -58.86707066481042
133.74053810255376 -58.875202370472856
148.03596375248415 -58.950478093406694
229.20998912131958 -58.99791098375812
128.5172094996946 -59.0256583589508
353.062024749242 -59.129985574282976
250.39487689974203 -59.14109171404448
241.74764390170722 -59.20770565963644
179.29262869335756 -59.25040081793279
374.63012323856003 -59.263148815714096
129.65018029712496 -59.34354744943456
233.2420322533512 -59.362482562102976
167.8296300370031 -59.36328115476787
347.4471547678591 -59.46178995288013
267.7976415749778 -59.52406733534273
130.23332703109648 -59.53564666495398
365.1914768158496 -59.594565381345966
294.5640766642705 -59.62094317793071
197.6867428163449 -59.63726661223915
194.92096116379426 -59.638374920533316
351.69579525822303 -59.69150369256685
361.45933771843187 -59.70731580864327
386.40135659715656 -59.88765809899422
154.70049785501578 -59.89624641297248
259.27536859136546 -59.91436116402298
354.46990757840183 -59.92071045908214
205.43426371053792 -59.925042738525185
366.9242556825078 -59.95534097497875
202.30193268234805 -59.98971268730494
350.4128724434857 -60.03921393788719
221.637412247318 -60.08747994277285
251.32791167409647 -60.16980273903287
146.11157953037812 -60.20013483348625
204.95108498810438 -60.21448219260488
162.88121346587337 -60.223351565376156
203.56819416182907 -60.2288277565278
239.7566143385759 -60.31268154641898
372.18923762350784 -60.34150064825079
372.76405368985115 -60.35455143341031
362.34238848701733 -60.41714673518867
336.79223087143663 -60.456502133000214
268.5390709938844 -60.47444754649272
118.04556029109175 -60.484176640537335
118.69535236608858 -60.54009075194739
366.0412049139224 -60.58779469173135
210.92417367749837 -60.644151079444164
133.09074602755692 -60.6470348228578
204.42625292753002 -60.71668018643859
254.7934694074129 -60.737792697897504
155.31696725949996 -60.824764750973976
222.11226030212336 -60.90555526804081
159.64891442614552 -60.95791152319274
370.8729921382578 -60.989551668528755
142.34611776244776 -61.024674403073526
362.78391387131006 -61.0362810169626
160.56528786524365 -61.04209277815647
280.8268057454271 -61.05500222472268
227.2522822287009 -61.064951555966815
215.22279817363128 -61.145295722083915
142.85428848776579 -61.2040845602728
185.6489280936471 -61.213200242313654
160.1320931485791 -61.21793353477664
171.87000383666293 -61.22101167664133
164.86391236137655 -61.26046776087734
386.8845353195901 -61.33522920412753
284.6255901838702 -61.3446494740573
301.76177349500466 -61.355630855800634
307.80983819305214 -61.36411801898161
203.10167677465185 -61.37819261172836
276.3032532233338 -61.47237622314938
368.9735999190363 -61.53456109685286
326.47053368014076 -61.538523860726684
367.3741117344287 -61.61804062283039
264.49869719422463 -61.66308622031138
189.21445383850153 -61.72825782180251
183.57459185423414 -61.75047651751865
286.2167477008496 -61.75384991370345
342.0905354829493 -61.770814107720355
161.75657333607117 -61.78922681576702
279.5272215954335 -61.87620045139389
167.2964673088006 -61.87805808494423
170.83700105077054 -61.91793852487975
353.57019547456 -61.93811631614995
184.88250667185596 -61.95406019151403
355.2529903354493 -61.96008979486578
269.13887906311226 -62.02116267896173
399.2472460797863 -62.07149910174143
277.7194667201218 -62.0766567096746
328.75313661025785 -62.15906326526493
394.84032290448727 -62.24709600226716
345.5644238838939 -62.26992231273365
269.7470177999683 -62.31441239707738
398.72241401921195 -62.34144792043438
178.151327228299 -62.344419262288085
187.34838428979268 -62.37654742090098
291.65667366204104 -62.38776308490577
323.28821864618186 -62.39829156460005
318.71468211831956 -62.40411979748935
184.45764262281958 -62.420271351569625
230.03472521650787 -62.46493931479781
174.252574778318 -62.53290318073031
226.66913549472937 -62.538988071903155
211.5073204114699 -62.54622086316609
327.01202707597145 -62.56778860035581
390.9998851279034 -62.57376840516252
321.6637384586898 -62.625302770819
369.94828803153155 -62.66378661364817
312.6582867526439 -62.68702285092118
221.10424951911546 -62.69101065890072
244.74668424784647 -62.71131311673302
293.6477032251724 -62.71506420704582
385.310039137867 -62.76293456623424
308.86783298182905 -62.80360245528101
258.71721386027843 -62.81537978030749
356.2360091155727 -62.842666506739505
376.81275815713917 -62.867060096748695
196.82868405064394 -62.945426366239055
375.9713607266945 -63.006589757991804
260.2500567038607 -63.034189200623956
280.260320346712 -63.044531108160164
374.05530717221666 -63.23229870850056
319.18119950549675 -63.24003407402137
297.87968238028 -63.28551851331839
299.8373892728987 -63.33403037361385
399.8054008108733 -63.33453626114774
313.2997481600126 -63.33723781941072
388.5090155070822 -63.3431333017067
338.0668230185458 -63.343216395538214
297.371511654962 -63.69227532048371
316.4154178529461 -63.755967312465565
325.4292002266202 -63.81727690717787
308.35133158888283 -64.3572994483937
273.2292368685411 -64.59361050227103
