48.48448559591771 24.838437229462972
72.69340572336391 -16.938583986412997
24.275565468471513 -17.193034142913387
242.40576664433223 -17.19734221271169
5.4149339583069604 -17.360677653064567
96.96064052420725 -22.715140301916847
145.44512612012497 -23.486040806918144
91.54570656590029 -28.801325380114175
71.50212025253637 -29.989881497082298
311.49199328470087 -30.881489231917758
37.646287011675625 -31.193850513770958
193.92961171604267 -31.407776618304865
12.171105404748415 -31.706138910465057
84.797865787087 -31.723086161417466
19.76867428163449 -33.424780777579684
168.46276077674364 -35.31647401887434
95.05291763735757 -35.57040104003062
339.37473783616764 -35.807723685745366
134.61525820351105 -36.92979160325218
234.041776345655 -37.39668317976227
42.861284946906636 -37.61555820792605
25.99168299987341 -37.749681057406626
0.20826669070411388 -37.94172032326861
23.292546688348096 -38.81349709372597
70.977288191962 -39.22218622383531
18.652364819460438 -39.86166539546121
387.85089276445717 -40.27131083291781
238.62364354114553 -41.165904732561025
149.2689025614525 -41.76107945477923
195.55409190353475 -41.79932581359932
80.71583864928637 -41.92035959811281
152.49287093355218 -41.92448925959625
331.01074753749043 -42.073694035522124
52.29993136961708 -42.13245979976366
218.196846516886 -42.227501271509766
11.038134607318035 -42.25973504562309
292.52306309537016 -42.98325497599374
335.5842840653528 -43.129635837986115
8.380651633933542 -43.14359267973941
102.25061446809175 -43.2047354186649
20.601741044450943 -43.278701288760196
199.34454567434963 -43.348088201611425
191.5053874362468 -43.356704237192425
54.107686244928786 -43.63679712377486
384.0854309965268 -43.79570047802153
0.8997121038417719 -43.79957691726241
139.8219254711139 -44.03239687836065
281.6848645111281 -44.10411794048026
343.190183609867 -44.35538662983225
266.6146867717784 -44.40156760174782
378.65383570296353 -44.412255983811555
249.45351145775945 -44.49468835186954
77.19196624257276 -44.706423539507455
177.67647917349362 -45.355301639028625
59.06443348368669 -45.492232100832865
324.75441614873887 -45.76194506632044
13.029164170449365 -45.771950452631785
1.9077228868496832 -45.856038347899414
50.283909803601254 -45.87128561195987
115.6130053436677 -45.98257697985994
9.588598440017403 -46.044981150991816
14.745281701851262 -46.15164850046654
288.41604395468505 -46.18039974008167
4.723488545169302 -46.20514024734474
290.89025224024994 -46.59916421491249
147.2445503278085 -46.60869754911875
385.9431698776075 -46.62676395789307
120.26151788018352 -46.846394694103886
25.16694690468512 -46.84726711780109
29.83212077645727 -46.99784899347541
11.512982662123415 -47.031857856742626
67.07020507435283 -47.05700163048084
137.85588791086707 -47.14288196880367
7.472608862463606 -47.23830535035476
34.12241460496202 -47.367012575031005
109.42331929594143 -47.3836440894626
180.27564747348097 -47.536031693571196
78.31660637237498 -47.53665309447833
21.143234440281642 -47.53714657714269
22.042946544123414 -47.57081993580913
3.3739203894066447 -47.788493244220824
9.122081052840187 -47.947617410610945
62.83822591924524 -47.99908447838653
31.614883648884486 -48.41980418772048
382.1777081096771 -49.02984412070966
98.62677404984017 -49.095113261734674
3.873760447096518 -49.36956719317694
282.5429232768291 -49.43530120159934
16.11151119287025 -49.62133676186892
17.66934603933702 -49.710719632167525
244.21352151964393 -50.35365321807665
29.373934056908222 -50.56669933239025
188.63963777215818 -50.71393555551472
192.01355816156482 -50.73554897698349
379.5118944686645 -50.781832634496304
126.50118793367876 -51.15231086538026
206.39229048777685 -51.290865219220144
255.6182055026012 -51.36297823047019
389.766946318935 -51.39661444426645
75.81740608392562 -51.47558171051667
47.58477349207594 -51.5030467455158
74.91769398008384 -51.587920481615264
108.47362318633067 -51.60959161475552
151.06832676913604 -51.65957737402255
16.761303267867085 -51.68788454439624
69.98593874421043 -51.77565740172844
28.932408672615498 -51.849017954778
285.1587529120727 -51.90329628417381
88.58831955790188 -51.93729707918332
236.78256599532114 -51.989609406490196
304.1026910985189 -52.19719655158837
79.98273989800789 -52.199600814843166
85.92250591688922 -52.20862785537323
367.81563711872144 -52.25088160497888
96.06925908799364 -52.28861507349848
341.1741620438512 -52.63883037601354
121.16956065165346 -52.74758260614664
35.39700675207119 -52.84135396081992
106.45760162031485 -52.92904230520724
248.0289672933433 -53.034164063847605
65.35408754295094 -53.118947144770395
190.10583527471513 -53.173757240971895
251.96104241383696 -53.204849463538835
277.23628799768824 -53.24488059770818
164.0308455985601 -53.37706141808578
131.49125784294932 -53.413303597349774
188.19811238786545 -53.45970569453393
68.02823185159176 -53.489064392940655
176.95171108984331 -53.620847274839946
60.58894565964081 -53.634075678164045
117.5623815686582 -53.72571192290181
209.91616289449047 -53.750149182490816
333.75153718715654 -53.82399913860564
92.23715197903795 -53.85939537744277
46.676730720606 -53.87608749412771
40.83693271326265 -53.953989550275764
348.9216829380442 -54.035039121069104
49.37586703213132 -54.15109093361781
352.57884602680843 -54.20940353811901
43.75266638312024 -54.2162841744858
241.51438520811863 -54.449584152371905
234.82485910270248 -54.460232015596
166.8466112568797 -54.55656836319458
273.9123516140506 -54.667545991106685
30.515235521966765 -54.69027268259225
45.39380790586866 -54.760610885526354
228.46022903478476 -54.76100023232945
104.54987873346516 -54.786742164556706
260.54163007084645 -54.878353277365825
380.2699852228274 -54.93892700018148
397.40616853396193 -55.001824519554454
306.8768034186977 -55.066352173978466
240.60634243664867 -55.13470057604968
141.9379150486677 -55.20276594761565
122.4274914635063 -55.20506957474714
216.9055930345205 -55.255756575940744
289.03251335916923 -55.415758301521414
364.20845803572615 -55.432106029926025
156.2749940367389 -55.43539935040814
40.20380197352214 -55.46014030540709
359.9764788806186 -55.465888990951385
318.3564634103085 -55.49120226169214
374.53848589465025 -55.534947988948794
41.70332214659176 -55.55814471046485
337.5669829608559 -55.56943116771324
38.87922582064398 -55.589265416298794
253.81878129491767 -55.6348363019495
287.8162358854572 -55.66964173452979
217.5720464447737 -55.724335198709525
132.23268726185597 -55.74069141354158
267.3311241878006 -55.74350189687008
32.50626508509809 -55.833331923655464
153.08434833515187 -55.84046070645487
112.83056235586074 -55.89355882308976
110.28137806164239 -55.90217913419051
36.380025532194615 -55.932872741948074
146.8030249435158 -55.966912647184756
128.35892681475946 -55.99457761903077
287.2830731572547 -56.03090282095195
171.16189708826894 -56.051685963715244
39.42071921647467 -56.053048427381206
93.19517875627687 -56.107062201407125
398.3975179817135 -56.1129906077171
225.1612846540316 -56.11786064563262
164.65564567067244 -56.163712057148864
275.71177582173414 -56.1666193272305
107.87381511710282 -56.16858969695383
278.71914683550153 -56.18744672928131
44.652378486962014 -56.28727309112313
95.51943502453479 -56.35910363746469
250.05331952698728 -56.36165084575007
212.57364586787494 -56.40699451690069
252.97738386447304 -56.41730298183557
182.4082983862911 -56.45579937989054
46.24353600394144 -56.50287145526996
300.38721333635755 -56.56734230701782
310.4006758254113 -56.58016510576911
51.5418406154541 -56.602194597438974
246.01294572732746 -56.661025203536674
266.1065160464604 -56.72242863759524
263.00750768878316 -56.73296565758534
87.37204208418986 -56.74855835996214
296.3051861985569 -56.767300923573366
101.69245973700473 -56.82575748130082
59.73088689393986 -56.96426440308261
74.01798187624208 -56.96662283552644
174.7690761712642 -56.988867621601635
83.63990298677213 -56.98949504338963
94.00325351620884 -57.00913577876824
321.08059172471826 -57.021924260896014
175.27724689658223 -57.02695611095523
224.71142860211071 -57.0452167318198
306.2270113437009 -57.05969785037845
272.2378874207895 -57.10990371321674
289.5740067549999 -57.11102805932865
33.5392678709905 -57.12320549765186
308.91781698759803 -57.13890624101004
344.7813411268464 -57.293925483898114
316.3404418442926 -57.29811678029313
223.8200471658971 -57.310877633550426
243.30547874817398 -57.31753323308751
94.51142424152688 -57.32223510077906
220.51277211751577 -57.448139629141416
263.80725178108696 -57.510653191914194
298.587789128674 -57.62326663121889
61.79689246572467 -57.67763950270154
89.48803166174365 -57.67966368509516
214.8895714685047 -57.69387023576758
58.589585428881314 -57.706659882720594
368.7486718930759 -57.73715609242864
207.2503492534778 -57.74905016624018
317.3151299567879 -57.75646805030281
103.44189993891928 -57.76448176140851
101.16762767643036 -57.76578879336851
64.14614073686707 -57.810624902667676
331.72718495351256 -57.81429247218906
82.3069961662658 -57.83855398627364
386.40968726478474 -57.855023198381666
384.77687640966445 -57.86069229666674
271.2798606435506 -57.90497689031795
366.8909330119952 -57.98679798827152
165.59701111265503 -58.02640331880164
261.0581314637927 -58.114502970932016
58.08974537119144 -58.133774845354345
65.87058893589713 -58.21355325292688
319.9476209272879 -58.3557501780233
272.87101816053 -58.355760724561215
78.8997531063465 -58.382565593895436
393.47409341346827 -58.43003009395602
127.75078807790345 -58.43681850147609
111.61428488214871 -58.49286672149426
184.37433594653794 -58.542117138646596
112.13911694272308 -58.64604753495388
116.12117606898573 -58.64629287479971
197.69507348397306 -58.72451915111503
349.94635505630845 -58.79038192894393
186.34037350678477 -58.81316142785565
213.69828599767717 -58.85157760722413
204.9677463233607 -58.8716187174432
358.476958707549 -58.87308846042566
208.3999813861645 -58.945598304075105
256.66786962374994 -58.98117707616271
106.02440690365029 -59.01695226247056
226.18595677229584 -59.01874392611008
66.56203434903479 -59.04393270384969
229.14334378029426 -59.062538873001394
119.72835515198099 -59.16132193437704
55.45725440069144 -59.1878919386922
129.10868690129428 -59.19214979318654
116.79596014686706 -59.20945144640691
167.34645131456958 -59.24423541301463
364.87491144597936 -59.245132815508036
309.5426170597104 -59.26728570844102
182.89147710872464 -59.269845940211574
56.07372380517562 -59.29895870537996
87.98851148867404 -59.303704918352985
359.30169480273725 -59.30911349105626
130.21666569584016 -59.32430873015363
140.58001622527686 -59.357527542650494
279.4272535838955 -59.37898336228267
38.18778040750632 -59.38281606579098
315.1658177087214 -59.432243794514086
257.35098436925944 -59.438961817018814
168.987592837318 -59.439067453219934
259.27536859136546 -59.46280687993531
351.4458752293781 -59.47505914675446
172.46148123826262 -59.48327525144276
174.10262276101105 -59.53791323411119
178.64283661836072 -59.54234052417763
370.9979521526803 -59.55826450157915
118.21217364365503 -59.605607690851606
353.8451075062895 -59.63197260568816
76.60048884097309 -59.63931534861794
169.695699585712 -59.69112273045278
361.2677323629841 -59.709314015883216
209.09975746693033 -59.71547065468931
125.29324112759491 -59.720635151807585
106.95744167800473 -59.76952968948017
192.4884062163702 -59.8254321366525
53.43290216704746 -59.837844852850715
354.7614809453876 -59.86770120695157
137.18943450061388 -59.888616918677194
399.37220609420876 -59.91809289961588
81.68219609415347 -59.93242930935664
303.3779230148686 -60.09395370263372
54.9490836753734 -60.09536662911299
159.96547979601579 -60.12023207387265
211.68226443166134 -60.12210212538586
181.52524761770565 -60.12448918883141
154.508892499568 -60.12791639641126
269.9802764935569 -60.15395465782036
258.06742178528157 -60.28056278109394
114.05517049720092 -60.2955976271306
321.672069126318 -60.30509956537537
387.2594153628575 -60.37993551202754
201.5188499253006 -60.38612223247325
372.68074701356954 -60.40871442523914
110.9811541424082 -60.42461379371753
395.4401309737151 -60.4551027421328
313.81624955295877 -60.47306456115254
233.34200026488918 -60.51950902879841
123.78539028689713 -60.51993018853949
369.7233600055711 -60.54681934550143
82.9651189088908 -60.5626231970895
346.9556453777974 -60.57302787692572
202.93506342208855 -60.62429601880319
324.14627741188286 -60.62656877312441
251.46953302377526 -60.62961826455836
162.3147280671582 -60.68773476677623
357.96045731460276 -60.6939756810761
305.5438965981914 -60.72837151328218
264.5903345381344 -60.76441588095802
247.12925518950152 -60.775253336099276
323.5298080073987 -60.82248585991698
340.2661192723813 -60.8283365528009
211.06579502717716 -60.830641170251916
170.71204103634807 -60.842511847273634
395.9816243695458 -60.857254815291505
136.38135974068194 -60.85950353770155
129.60852695898416 -60.865887590209695
294.489100655617 -60.86899379647058
330.5192381474287 -60.8946317900024
231.00108266137494 -60.90414616741734
357.4522865892847 -60.96798979865309
219.5880680107895 -60.9775922446378
187.2067629401139 -60.996081338705515
114.60499456065979 -61.01530338200079
155.0503858953987 -61.01941226140726
391.7246532115537 -61.033965076716164
160.73190121780692 -61.065688999458395
350.8377364925221 -61.17414344468384
312.7332627612974 -61.18142362209074
179.26763669047307 -61.25271124766985
222.4788096777626 -61.259767522000715
193.20484363239237 -61.26305327270703
326.1622989778987 -61.29990335736653
143.12086985186704 -61.302917795918184
329.7694780608939 -61.32173464574449
158.11607158256325 -61.324776484776955
227.0190235351123 -61.33581933259929
267.96425492754105 -61.40824712545096
157.51626351333542 -61.4394700952181
237.32405939115185 -61.452203186316126
215.71430756369298 -61.52932499218403
319.34781285806 -61.56362674896257
124.64344905259807 -61.56392620812099
396.53144843300464 -61.572943091778946
293.84763924824836 -61.581042315932905
314.69930032154423 -61.58151778404346
322.1219251782388 -61.5825720141215
308.0847502247816 -61.610417727017484
144.37880066371991 -61.62229302570219
265.2817799512721 -61.64010471243024
163.13946416234648 -61.69372178632242
194.82932381988445 -61.70124838479166
197.0952654147452 -61.745316400234515
274.8870397265458 -61.75481858155973
230.05971721939235 -61.78518730835926
173.37785467736072 -61.78936058716903
203.47655681791926 -61.85898427420315
376.33791010233375 -61.86148461985252
222.9703190678243 -61.90503399769259
201.07732454100787 -62.003993894267715
301.7034588216075 -62.08563438923857
356.7608411761471 -62.11497300271287
175.86039363055374 -62.149353481528294
326.70379237372936 -62.15832351977003
161.34003995466293 -62.1690367855792
389.1671382497072 -62.22490025350239
360.4429962677958 -62.26404282174665
299.8457199405268 -62.307713267620834
297.2882049786803 -62.324649643234785
179.7758074157911 -62.36409159511635
363.4170446110505 -62.427419915238744
158.6908876489066 -62.44706807924914
143.6457019124414 -62.47035216974646
362.45901783381163 -62.48363421559909
344.3231544072974 -62.6078885529833
239.95655036165184 -62.613334006598926
276.6864639342294 -62.7225162117575
138.92221336727212 -62.7352519734838
150.0936386566408 -62.86763441615065
261.9661742352626 -62.93325218798068
221.55410557103633 -62.952090557188875
148.3275371194699 -62.97135873592504
135.05678358780378 -62.981669165769
299.32921854758064 -63.015652890223045
336.8505455448338 -63.07775846448172
373.43050710010436 -63.118652076567805
295.42213542997143 -63.18782569097701
231.70085874214078 -63.21178958884417
327.96172318558223 -63.25353681332361
333.1517291179287 -63.35762323364887
395.00693625705054 -63.4061484126741
313.3913855039224 -63.42098825094079
371.6310828924208 -63.4781920614169
334.88450798458695 -63.498022000973
286.5249824030917 -63.52077593111179
185.54062941448097 -63.57312387046585
298.0462957328433 -63.619652905826705
119.21185375903478 -63.68353022671033
280.260320346712 -63.68388548920135
390.89991711636543 -63.697470473866495
380.753163945261 -63.71417473966926
381.3696333497452 -63.75870453149364
207.73352797591136 -63.75956636245843
200.11096709614077 -63.77330352792439
325.57082157629895 -63.80655445841097
261.5079875157135 -63.876777187374984
302.3532508966044 -63.88494174667206
385.4016764817768 -64.03842990406945
213.031832587424 -64.0646009880334
323.0466292849651 -64.08060551116445
198.61144692307116 -64.15682202253545
142.48773911212655 -64.15703235839794
315.6739884340395 -64.23183817062339
382.86915352281477 -64.24722455142582
146.3531688915949 -64.24822532153233
375.5048433395173 -64.32089740050061
280.718507066261 -64.43055020138588
153.53420438707275 -64.43145990032178
342.2738101707689 -64.44967400095692
392.4327599599477 -64.54494534257113
345.6560612278037 -64.57077488998324
377.36258222059803 -64.63740593850393
183.75786654205376 -64.65859900474256
248.81205005039075 -64.96353419290583
377.8124382725189 -65.11076189704453
328.88642729230844 -65.7356224161092
237.79057677832907 -65.7898687393227
373.93034715779424 -65.85767513617766
