48.5344538077647 22.756971733717425
24.308880228468485 -13.571684756279549
72.76002738706092 -14.743019990133357
242.65560770898904 -18.090658079705914
5.464916185700934 -20.172363518448773
145.6033614232941 -20.806107840614953
97.0689076155294 -22.192119851499402
311.46689992528434 -25.70100683680522
194.12115390122435 -29.730089225044615
91.60399142982847 -31.154690462294884
12.196093438820377 -31.521601243463774
84.85615284687456 -32.19824373595631
71.46044365997349 -32.21812216444851
37.60462143636283 -33.540191887962656
15.595004725049007 -33.546288398297534
8.630568854247207 -35.634871740823264
19.82698250300034 -35.85085247978112
168.5293512755029 -37.33236868697124
339.72451532451845 -37.47330517587716
266.88118128828523 -38.37467826885487
218.4466954595273 -38.439418150241956
95.40277463208399 -39.13812196978758
134.65686772205777 -39.25322903513921
23.242555119063425 -39.52928548438894
39.80391697451077 -39.94261206393517
0.2665812773512651 -40.20161327376748
30.323620298706402 -40.23624305900249
18.710673404091917 -40.683918436653514
291.19006151675376 -41.37266447701152
9.930152581334625 -41.72377028004406
191.47200245754615 -41.779311013628025
336.35892669795874 -42.427770848146736
288.52424874324106 -42.45063864065618
13.64562913441788 -42.63092305964686
25.625125285390357 -42.75017335923966
238.5735818995478 -42.847251954612275
7.447614436000968 -42.928811879748885
104.48319939186146 -42.993055768500945
57.24832931118418 -43.36172321838806
195.504044277484 -43.647902347536544
1.6661329834454068 -43.71268080527165
388.25896913228314 -43.98422235436048
81.47390289048039 -44.29867016601193
2.965716710532824 -44.49025677439902
17.344444357666685 -44.85204527599209
64.02949055380698 -45.07165777591702
292.5729518930134 -45.1350437975594
152.43450665542025 -45.32330762301301
199.58607008692528 -45.38666199837499
148.93562739018492 -45.44853099738627
51.866719774655515 -45.57571192951911
281.64311952161154 -45.57689080560622
77.24192511252906 -45.69703281914627
383.06063422393345 -45.8752230121179
33.03941706172242 -46.111117207880746
112.64725101074394 -46.35629029093272
49.80071487518321 -46.87391437138061
249.50341427094966 -47.03846660307561
378.6953658073065 -47.552898973953916
53.91606334429336 -47.86166963262655
343.05678129140927 -48.15055799375636
287.2413263459881 -48.17284226656867
120.31146273459282 -48.19058469810805
109.38163036319095 -48.291818085334626
386.5928361488377 -48.42931031104324
177.72640534412153 -48.56285664675235
34.17238749046529 -48.64561221746015
27.474532897014758 -48.908930761064404
117.32908469422554 -49.04532778164459
88.33837078227546 -49.267191226073194
35.288696589373714 -49.290549840862504
105.6994764697766 -49.41432883169115
74.02628845447943 -49.464801069094335
31.673188015297182 -49.5977759427204
384.3102339615175 -49.8000321229196
183.34127349833255 -50.03761964654871
324.7126571436753 -50.43746069071748
78.35823421143748 -50.54795675927379
338.45825425709995 -50.933201436939434
150.98497095982276 -50.93725917164078
233.94173220556956 -50.96206530479491
79.70780192802826 -51.04366216530139
28.890745932943354 -51.15180047820861
62.87985879522965 -51.32733319814622
380.11157884323507 -51.389865823270604
282.8593965995267 -51.58350612721843
262.93244611751965 -51.6222993768484
360.00135373304903 -51.74516584247979
241.38934664157054 -51.891136324482105
87.13875503419477 -52.17229404967831
201.55210700739084 -52.21357016377293
83.42327848111151 -52.31866327722063
67.82827375606252 -52.34400758567258
381.39450124048807 -52.39965015353433
228.52680000937198 -52.416289079912694
121.42777183350124 -52.43168951057194
43.152844271236035 -52.464425639422586
206.4338766488859 -52.5012578734116
374.713307976872 -52.64763853972169
101.83404794818325 -52.70222054920132
137.07276054805362 -52.71136666667887
98.33516868294791 -52.71669004412283
161.09839816933638 -52.72849638925737
41.070178041929275 -52.78001672208097
251.90264576711104 -52.80813804486126
61.78021102615568 -52.83222076905116
227.16057096294676 -53.04393099761418
248.0372172455177 -53.059055107991085
257.0676580157918 -53.20368518045023
192.45502091777894 -53.23203679925372
131.4578923938426 -53.26981706688861
275.59505679170474 -53.581145193097726
259.91674541748347 -53.71297765935459
366.9824509336853 -53.81142164247211
306.7850662418027 -54.16009480581455
202.93499738365054 -54.39203881706436
320.03082346019374 -54.512352011381026
389.9251021157285 -54.54636960402918
169.91224165176257 -54.624452645439604
245.80459904770086 -54.655704161956024
308.4345378954137 -54.6684875034289
68.8112922162953 -54.7438960721542
76.00898670477946 -54.772464518645265
127.05930131754671 -54.78671735475419
189.12275495088812 -54.90118037364779
100.60110954043365 -55.07253352179351
180.47552476680644 -55.12905220578099
356.9689917031784 -55.30794445282304
278.99396807793335 -55.401056973423735
138.0891016679553 -55.4865032760882
171.6783426142147 -55.53577984774658
237.27399817246038 -55.55707306813835
209.71615862627334 -55.558834034378
58.51459037860268 -55.67193776830663
128.74209563082658 -55.69559385283863
66.16214077261711 -55.70642480937732
363.9500889038147 -55.71700226835716
130.09166334741735 -55.73213300170033
268.7472502297441 -55.9362346856429
107.0823668460363 -56.04702227716821
334.52618041616876 -56.119146572167296
165.68026387381124 -56.12413557322873
296.00518583891096 -56.24481076465613
135.88980612980737 -56.2702952893018
59.597576817842196 -56.28017613788715
220.9792175943643 -56.32588172140182
394.12375723401095 -56.41083706086125
396.58963404951015 -56.51860090259299
270.9132231082231 -56.52442843342576
164.48064812573054 -56.53001786416942
113.83020542899018 -56.56928836051763
122.61072625174748 -56.63420139691125
317.8481892518802 -56.94592867757027
285.108676127178 -56.94842626310578
286.1916625664175 -56.95690093345241
277.57775504200475 -56.96015622508699
219.6796338672769 -57.02652049057658
330.89401051225775 -57.03040231172325
355.2195520705607 -57.09520246323387
212.28200342077926 -57.19355698914016
280.41018111386194 -57.28140210119609
115.07980516657425 -57.292288672284656
208.73314016604056 -57.322450951754085
154.13396229853458 -57.329526573175755
156.36658049635142 -57.360745969931244
116.16279160581375 -57.486747271091964
229.50981846960477 -57.488581190251
348.9715533826404 -57.504844111270614
126.02629886781057 -57.54651693510924
158.56587603449935 -57.56290022860941
274.1288597662728 -57.59601448366147
110.76452073945065 -57.69366756685643
349.92124918320434 -57.69578366538261
327.7283578437115 -57.735386579687244
166.79657297271967 -57.74399611240847
246.85426282727147 -57.74399680540146
197.76998513496977 -57.745841057903405
361.4009054391432 -57.80572811439476
179.30923167839467 -57.835679424600876
142.25443412656884 -57.97361358944671
150.01861382942442 -58.11626773641498
273.0625346568677 -58.12325764028073
294.8222314206647 -58.12597307325593
395.1234370240782 -58.16352034664935
240.38966685150328 -58.185223581904154
304.81902932133715 -58.22843611940107
345.1061248610471 -58.243786241868314
132.62418548225438 -58.27149487762311
173.72768618385257 -58.27790729439883
124.34350455453071 -58.285867314092314
224.11154760324166 -58.301048340411526
185.72384366465948 -58.31446093208048
155.10031942893292 -58.31675652016817
341.0074377217714 -58.3976791696376
298.4544013245757 -58.442064161003664
371.3810420099812 -58.45421970915596
55.74880962608331 -58.731471782373745
254.53513588095478 -58.74595295738935
309.3509110363087 -58.74803387822881
315.3989737662155 -58.77504112507176
222.97857717449878 -58.80917311396441
207.6668150566355 -59.00946099735705
399.88857735673207 -59.01355230026145
170.8119534628231 -59.043973886356355
204.4011944090825 -59.04541496359708
352.88696589373717 -59.04694799346928
353.7366937152943 -59.18544549255291
235.79113981719397 -59.20594524118141
313.26632354740536 -59.275381185699985
253.43548811188083 -59.36185282563554
176.6100962452131 -59.38063162744265
217.16377306227432 -59.40647678639831
211.19901698153976 -59.47401785176421
322.4800389458585 -59.49199574454269
299.5373877638152 -59.51335889879797
346.3557245986311 -59.522021404882636
143.92056711001425 -59.594962931831994
329.74437875368045 -59.59688537945854
301.6533766527909 -59.68338688644634
325.6956756039081 -59.690950792010796
159.89878242125567 -59.695187097691175
351.8206407843321 -59.71330745104623
186.89013675307126 -59.842953173029315
321.3803911767845 -59.974610393265095
310.35059082637594 -60.09279304111967
391.8911390361941 -60.09821464173101
215.38101076998774 -60.110358603363856
289.62389651231507 -60.1534415389552
303.6527362329254 -60.20708244554791
377.6790246874048 -60.266092396276505
243.92186877640754 -60.296873693875256
347.27209773952615 -60.32194225088461
214.39799230975493 -60.39450531262187
392.9907868052681 -60.48653140747588
332.17693290951075 -60.58421758891836
333.22659668908136 -60.670122690570736
146.75299318187143 -60.96541005185603
230.87604751603 -60.977328026127196
205.4175355289842 -61.04410829004678
376.2628116514762 -61.05388652376461
225.01125941430217 -61.07502233392733
231.84240464642835 -61.137887305503554
232.84208443649558 -61.23990041472137
265.51495224186004 -61.344284056001015
316.7818641424752 -61.64709571095318
255.5847996605254 -61.70337746349848
369.43166641935005 -61.71775464805529
362.66716650656167 -61.98650240006437
385.5931563587705 -62.31478186894065
