48.80103508511596 24.699752914679458
24.592122835654205 -9.543948202436225
73.00994733457772 -9.912644738057452
244.0051754255798 -11.93564881333111
341.6072455958117 -15.459235069799238
146.4031052553479 -17.24773928303097
311.050366679423 -18.588531912645443
5.731497463052199 -19.836741388182613
336.3755880277932 -21.509240762643916
97.60207017023193 -21.81860406493968
44.8689612441848 -26.300441174911633
43.56937751709739 -26.31013225859643
238.77351785756125 -26.722399445846406
195.20414034046385 -26.775768050156067
85.12273412422583 -27.21625486492307
23.725733684262593 -28.574182465184546
91.87057270717973 -28.649817301993146
12.479336046006097 -29.459608034830943
54.03269265313454 -29.526964375135844
71.14387839311887 -29.901631643878112
20.093563780351605 -30.49534597411379
37.321378829177114 -30.59518958398105
219.79626317611806 -31.427504359626095
268.2140876750416 -32.75238468526387
18.244156168727205 -32.82056690654279
1.249599737584055 -33.906053044205755
168.7459485633508 -34.25328460502928
78.2416049025963 -35.31696050980744
390.4082806809277 -35.73139469182191
115.84622633895913 -36.06345811794568
134.94011032924348 -36.064181800435094
317.39833334635 -36.837639551667266
365.83281917510794 -37.13257076370641
80.39091645124087 -38.507407324442944
2.1159888889756666 -38.7813363829565
120.57804401194409 -39.82672588875751
29.82378040367278 -39.89742497181717
138.5222962436511 -40.198253102344864
7.6308890641799625 -40.2960970809307
152.167925378069 -40.29708807776865
0.36654925635798946 -40.62839048871954
249.2368329935984 -41.14454375273859
191.10545320118814 -41.23972804874951
292.8395331703647 -41.278719662350134
67.77828976655914 -41.3896034705877
312.1666757783314 -41.689157507660084
360.5845002772549 -41.763168089565895
34.438968767816554 -42.64835019857125
10.146749869182527 -43.48144530616602
200.93563780351604 -43.71207059952855
121.56106247217687 -43.71460566255636
288.70752337142005 -43.738392665254125
142.47103141441673 -44.16194564486628
45.86864103425205 -44.40279019690504
281.3765382442603 -44.42992509455007
147.60272100342857 -44.54498989751705
9.09708608961192 -44.576197045962445
324.4294145364896 -44.627516869131576
98.85166990781597 -44.64161615283666
177.9929866214728 -44.69146971660989
378.9786084144922 -45.109900511681424
94.75298276854028 -45.50999317670288
150.3518404261135 -45.56531548141444
109.09838775600524 -45.82157593369318
286.84145442996123 -45.93398362712875
93.6200123397974 -45.96896819507306
51.683445146476515 -46.03914242509816
384.44352460019314 -46.57047159839369
280.3268744646897 -46.609125974874566
15.478375416207829 -46.61778729594821
35.4386485578838 -46.95690526939664
236.12436641388305 -47.308586148391136
251.63606448975978 -47.332379711024146
377.37912075038463 -47.50303797518648
63.16310140241537 -47.64831366459735
141.1714476873293 -47.649091005520305
342.82352267372687 -48.19797120491092
262.982430107023 -48.238640947774186
218.92987402472644 -48.331713362437974
26.34156246827188 -48.411412105642725
86.63891513916116 -48.456351732417545
331.1439304597746 -48.71084118835207
101.58412800066645 -48.79104506913908
27.57450087602148 -48.84839046586865
62.18008294218258 -48.923557802237795
349.2381346599917 -49.03896298444259
206.7171192560716 -49.072862437230825
40.9535487330881 -49.134705483595326
105.2329592344119 -49.262383549892796
70.0442306240449 -49.36504328840162
242.80555967749913 -49.38639950002154
225.02792074413662 -49.43748788030453
232.19229257295189 -49.51892025331276
165.54697323513562 -49.60479025720662
38.25441329990654 -49.654516618850195
145.53671610395628 -49.75506545209609
149.28551531670846 -49.8495448754607
192.35505293877222 -49.90883873134116
367.4989521585534 -50.08292537615755
110.08140621623802 -50.31209210710614
273.4624065728946 -50.527696611312685
176.95998417173664 -50.54601556469578
298.5543693035824 -50.699731446912836
172.2281664987517 -51.10751033458599
33.42262764791486 -51.224232343173846
269.46368741262563 -51.23280514643931
36.35502169877878 -51.272053646332346
164.61393876440619 -51.45595795139456
229.77639974695603 -51.4740142140261
193.97120193271425 -51.48870761860447
346.8389031638303 -51.50156241734489
39.737271655172954 -51.5618570449066
102.8337277382505 -52.02744100197717
99.71805905920759 -52.200750048783135
123.42713141363573 -52.23923344295316
125.80970157996266 -52.4544532570748
60.63057926757835 -52.49713726702197
208.6165108571994 -52.56336367773849
139.53863736355282 -52.746206222960204
306.2185810274313 -52.76601247188058
207.7001377163044 -52.84768463964735
68.92792152513648 -52.86650822547458
170.66200149431302 -52.947258242926395
252.65240560966149 -52.9993577664106
316.14873360876595 -53.04040802646326
209.59952931743217 -53.12035560688831
82.82347060707117 -53.157225758978186
307.2015994876641 -53.173147483020074
47.06825678233274 -53.210738946846746
329.7943627431838 -53.21776795408667
372.697287066903 -53.33394424662963
126.67609073135428 -53.34041241502646
214.56460560809947 -53.5321381280934
56.68184409681274 -53.72555909392496
104.08332747583457 -53.75327815334563
89.93785844638306 -53.79456703674179
157.88276151128673 -53.869623185803235
305.2855465567019 -53.95708605974117
107.2989641338842 -54.17796818603078
283.6924630912494 -54.182477809331395
132.17432957672412 -54.49701572968955
199.20285950073284 -54.54194763330166
247.95391059634542 -54.663792524282826
327.9782777912283 -54.69749961517419
364.6165420971928 -54.73045289758019
350.2544757798934 -55.0208522885776
88.73824269830236 -55.12393933469498
65.74560752675575 -55.297897304081076
264.13206186560035 -55.30410580431191
325.8456275724182 -55.36022136848188
322.62999091436853 -55.40365084167098
166.5299916953684 -55.4448296755994
233.19197236301912 -55.63292067951214
291.00678688857477 -55.82971018344054
117.3124233643911 -55.84132070395648
158.83245731185062 -55.922854981236824
58.881139634960675 -55.95169864573536
388.6088570588067 -56.07703461088576
136.15638740715863 -56.13314935413043
183.99106536187625 -56.145127447570786
213.3983125196877 -56.16792679151839
267.0144719269609 -56.17622408465729
256.3678821627447 -56.23012916976133
354.03659765231447 -56.26807388235684
332.4934981763654 -56.27982729427735
361.95072932368015 -56.38094563073747
300.0538889886833 -56.5158648887447
356.4524904783103 -56.530998776378645
167.64630079427684 -56.58193126482132
153.85071969134887 -56.583595509994716
241.77255722776297 -56.66679858068533
223.77832100655257 -56.71727508079308
111.8308458488557 -56.738603306460796
130.64148723195433 -56.874030887780535
339.20801409965037 -56.89674567368387
129.07532222751567 -57.06032806814282
255.46817035168422 -57.327849346755585
113.84686675882465 -57.3389055907283
189.9724827724453 -57.39388935827074
381.2945332614813 -57.476741991725575
301.9199579301422 -57.55025312019295
258.8504203080784 -57.64391725308765
294.92219939967146 -57.664901975840486
187.83983255363515 -57.94291900875625
303.95264016994554 -57.9636905090312
228.69341330771653 -57.96540876826253
182.4249003574376 -58.087002666065345
270.4633672026929 -58.15612099477404
186.47360350720993 -58.438943706354465
210.86579038485067 -58.51261362215213
392.3576562715588 -58.53873211853931
259.7001481296355 -58.56286816801279
162.0647552997347 -58.57019585340494
345.08946353121263 -58.61545848109675
386.79277210685115 -58.63491378891331
253.8353600279077 -58.68866532163545
313.033064929723 -58.80464575262745
276.4447846132619 -58.8297743331166
399.8219320373943 -58.96698669494828
397.18944192355053 -59.04373935071875
174.99394725127107 -59.0574678609193
222.77864121648534 -59.08201749498194
351.65402748598757 -59.093535184114145
274.5953770016375 -59.165429426380534
321.54700447512903 -59.33670718453843
227.16057096294676 -59.387562427937894
333.47651663659815 -59.44562546310109
370.1980875917349 -59.57265961255401
160.4319449759582 -59.84945107140543
368.8818425348131 -59.94512434584998
319.84754883201475 -60.07582324573981
296.8715749903026 -60.09579849555537
396.2064234633177 -60.25638640624798
285.108676127178 -60.259887587621364
277.57775504200475 -60.41642669356449
271.49636965242905 -60.5341408031289
363.66684629662893 -60.72086585483949
374.3800813801829 -60.89228521111018
203.90135451404888 -61.01082360448174
357.4355089385431 -61.011939239978794
202.98498137315391 -61.030063990755174
246.4044069217412 -61.34730684752494
394.4736451605345 -61.64980523257018
265.2650322943432 -61.87036794472697
