48.48448559591771 26.303476579753564
24.408856150522148 -7.776705699223981
72.56011504131328 -8.333901220100055
242.40576664433223 -11.57883106192788
339.37473783616764 -14.489688518000401
145.44512612012497 -16.39954854330036
5.4149339583069604 -16.827976688772015
311.550307958098 -17.674340957173417
334.73455596727996 -22.681587215322235
96.96064052420725 -22.85686885405013
91.54570656590029 -25.936431286347585
84.59792976401106 -26.241787116646048
12.371041427824364 -27.252876585727666
193.92961171604267 -27.850233934148804
37.646287011675625 -27.961612803118168
71.5187815877927 -28.067986244626002
266.4813960897278 -29.682353712136017
53.116336797177205 -29.805690669152966
237.77391544307272 -29.964984871696476
218.33013719893665 -30.19058749035841
43.84430372703005 -31.39157933811694
168.48775277962812 -32.06400136722183
18.61904214894778 -32.16241272260255
134.61525820351105 -33.39851440623604
23.084279997643982 -33.73596699432889
234.041776345655 -33.74647243274146
20.660055717848095 -33.99269364215895
363.4503672815632 -34.66101090577483
49.14260833854271 -34.82062499027577
25.066978893147144 -35.41558834308216
95.06124830498574 -35.45793019538534
315.29910839077206 -35.519198994765965
19.777004949262654 -35.54334032799218
73.87636052656327 -35.580226059557496
387.85089276445717 -35.85028444088708
22.042946544123414 -36.82154946789411
47.81803218566455 -37.248548289740455
80.71583864928637 -37.266078546731954
238.62364354114553 -37.28727035905427
195.55409190353475 -37.310837407715496
117.57904290391453 -37.38372081108585
78.50821172782277 -37.75926548385132
152.49287093355218 -37.90039649140861
77.21695824545726 -37.91743171867557
42.861284946906636 -37.94886138960647
74.91769398008384 -37.972924155263065
21.143234440281642 -38.13417300807526
331.01074753749043 -38.31100294708977
102.25061446809175 -39.0774870847148
292.52306309537016 -39.08615145000497
54.107686244928786 -39.58367864587446
335.5842840653528 -39.94166346944166
22.484471928416134 -40.17978816134083
191.53037943913128 -40.33959368491164
0.9913494477515821 -40.449311930642565
75.81740608392562 -40.70745563397984
52.28327003436075 -40.809420776470134
7.830827570474682 -40.81776241353909
281.69319517875624 -40.833464824458936
4.631851201259493 -40.91409267067497
249.45351145775945 -41.006194968830386
199.34454567434963 -41.02542722094168
288.49101996333854 -41.36456688624339
23.86736275469145 -41.39697970739589
358.81018541267554 -41.46231645307273
378.65383570296353 -41.549319287549416
29.040707351781638 -41.60046005057578
310.65892652188444 -41.678764308622505
67.91993317242562 -41.6885207432615
177.67647917349362 -41.88746855054505
74.48449926341928 -41.89346078133954
149.243910558568 -41.902140007813045
324.75441614873887 -42.06592417977122
14.745281701851262 -42.27434306223114
8.380651633933542 -42.35482371952029
120.26151788018352 -42.48611132316527
1.8327468781962022 -42.67298544876643
34.13074527259018 -42.94290078698583
10.28004385315506 -43.18096773377337
70.977288191962 -43.18177987534787
109.42331929594143 -43.18876854819251
59.06443348368669 -43.39304431929585
283.13440067842873 -43.396133419257616
0.23325869358860754 -43.587265496625925
13.820577595124997 -43.72544119433547
290.89025224024994 -43.77109863435171
131.52458051346198 -44.10989216667852
343.17352227461066 -44.19887246837403
180.27564747348097 -44.225974104280816
121.36116600710123 -44.231644793436
35.28037740527689 -44.26511904104007
287.43302517456164 -44.561138919487405
384.09376166415495 -44.70190123936927
25.99168299987341 -44.70338324217341
380.09504120263597 -45.02842612558626
9.122081052840187 -45.052115003478775
3.407243059919303 -45.13197436140334
31.614883648884486 -45.26161377430841
17.794306053759488 -45.264086238563685
247.04594851321988 -45.30998023993556
15.295105765310122 -45.5135601081916
62.83822591924524 -45.59705788724498
115.41306932059175 -45.62086913374156
30.032056799533223 -45.64875793574717
6.606219429134492 -45.79188725582325
50.300571138857585 -45.99600972588322
278.51921081242557 -46.02619746230903
206.39229048777685 -46.176669683071346
147.269542330693 -46.20438828747379
2.9573870079984172 -46.26276053924269
296.3051861985569 -46.30569805340491
16.144833863382907 -46.32027564826916
98.35186201811074 -46.432999362306504
13.245761528781642 -46.507927595872964
16.75297260023892 -46.77434242934229
385.95150054523566 -46.98902365620703
228.48522103766925 -47.00240480802074
140.81327491886546 -47.02849098358886
192.03021949682116 -47.064247388631394
28.45756061781012 -47.22925389159453
344.00658903742715 -47.2768290397237
188.63963777215818 -47.30621256497759
11.24640129802215 -47.320131871627275
251.9527117462088 -47.433795047862255
243.0722200545854 -47.452321501401066
126.50118793367876 -47.497268108967745
137.88087991375156 -47.729284127283336
338.7082844259145 -47.924167702167495
61.68026311893036 -47.993601568748346
209.91616289449047 -48.248730587159734
76.25893146821834 -48.548527426821856
82.215358822356 -48.65762114323517
367.8239677863496 -48.899724126038734
244.23018285490025 -49.06648310168504
88.58831955790188 -49.181436723140614
83.14839359671042 -49.31457556668291
104.79146809468193 -49.35086989099039
79.17466513807594 -49.51998655636364
80.01606256852055 -49.527280869969324
348.9216829380442 -49.669767528483334
340.0328605787926 -49.68237915286104
101.59249172546674 -49.730835487379785
261.8495448884683 -49.79249956601391
86.90552469701264 -49.92582692090836
285.475318281943 -49.94628852228726
277.23628799768824 -50.158464048540225
98.79338740240345 -50.20339636985991
382.19436944493344 -50.25932411875485
96.18588843478796 -50.34710481588792
164.430717644712 -50.37455726545736
306.8768034186977 -50.5404054567517
265.631667991655 -50.5831902374105
92.32878932294777 -50.58558800123178
213.69828599767717 -50.59327279085611
122.67741149235124 -50.61555813151796
106.42427894980219 -50.75620402274702
139.8219254711139 -50.7639561664227
26.63314440724208 -50.78452892515572
112.83056235586074 -50.78483704024006
83.58991898100315 -50.95132164897691
165.696979124193 -51.0471640657589
173.3112093363354 -51.09367130347709
267.3311241878006 -51.12611414274348
304.07769909563444 -51.28710678322483
110.53129809048731 -51.36677948535725
32.6228944318924 -51.41660247474059
235.0997711344319 -51.48413179392649
81.66553475889714 -51.537453067637635
166.8466112568797 -51.6243801659665
252.97738386447304 -51.651235869679226
247.81236993501102 -51.718729906252975
334.076433224655 -51.72596414637862
389.75861565130685 -51.73963012483835
47.159909443039545 -51.77000985523549
309.3426810366344 -51.77923049389477
90.68764780019934 -51.80283056890902
40.92023938954429 -51.873545652748305
236.78256599532114 -51.949280309115316
65.35408754295094 -51.98225448815182
375.488182004261 -52.14704267489859
156.2749940367389 -52.33715256810185
40.195471305893975 -52.407502730931434
218.9965906091898 -52.51417532687213
241.08119049145407 -52.52361927916513
255.5932134997167 -52.588122705540705
49.80906174879588 -52.60700501848287
217.01389171368666 -52.794526989731914
93.55339746428795 -52.902918166364884
90.02119438994619 -52.93430335688904
146.8030249435158 -52.9864861317854
169.52075556552052 -53.012892067400024
352.56218469155215 -53.04248494556223
212.38204051242715 -53.12718646686281
240.42306774882906 -53.17741976730546
92.8619520511503 -53.196360149520984
38.895887155900304 -53.229911144526284
87.52199410149682 -53.235663285962765
383.2190415631977 -53.31056062979272
89.25477296815504 -53.325121185821295
45.39380790586866 -53.371539107623164
261.1914221458433 -53.43887921018228
176.9767030927278 -53.54090792012958
330.1110354336487 -53.57040117333728
219.6380520165585 -53.607450281466036
349.9380243886803 -53.64020664130549
190.12249660997148 -53.66303557086767
107.99877513152529 -53.86068532521217
303.2612936680743 -53.92164486516064
224.26990321781798 -53.977530254817815
151.06832676913604 -53.99471194649821
360.0347935540157 -54.01298921272761
70.34415745222151 -54.06314596447364
263.80725178108696 -54.09773237636137
262.65761964840027 -54.121336580723984
337.5503216255996 -54.198035682734684
50.90037920808543 -54.21695407655488
214.58966743389078 -54.384536245784396
59.889169578874984 -54.393062184393195
341.19082337910754 -54.50324301263911
208.80818409994458 -54.54061714275472
125.41820114201738 -54.55751224583173
69.65271203908384 -54.689014090421956
305.7688246241518 -54.717070360483625
44.5857331459367 -54.71838969992857
364.300095379636 -54.75595791315209
377.80410760489076 -54.87180533655175
107.0324176866582 -55.069634725888626
344.77301045921826 -55.115584292238175
36.546638884757904 -55.19536017520198
36.12177483572151 -55.36237201475067
273.9456742845632 -55.368110291324
99.34321146586232 -55.38845431391173
150.07697732138445 -55.51525971559138
103.07535056328004 -55.54938470846836
225.4195353505047 -55.640416075188085
207.49193861469456 -55.758426875304245
300.35389066584486 -55.76917220239003
396.53144843300464 -55.78639875727009
249.97001285070564 -55.89254603708968
395.4151389708306 -55.930448652904595
119.15353908563763 -55.936715361182
270.27184986054266 -55.969702365557445
275.7617598275031 -56.0259035879342
332.0437503233828 -56.090219192006394
289.03251335916923 -56.162511843173775
85.87252191112023 -56.25024661830671
201.48552725478794 -56.289362746649935
271.12157795861543 -56.345274772707945
135.7315676656851 -56.36535812942478
56.765169218313275 -56.3667855375656
397.35618452819295 -56.42345981321776
123.77705961926895 -56.43917938169138
321.0222770513211 -56.44227773422724
68.76133060287023 -56.47457847549555
175.1439562145316 -56.55137978180509
111.28938884465029 -56.59114691181913
103.61684395911074 -56.63528540717909
223.62011114282114 -56.67448577745038
393.55740008974993 -56.6864455728199
243.76366546772306 -56.72001818268755
58.41464140868986 -56.78373544320423
186.36536550966926 -56.8005669264804
370.84800013537335 -56.81892245920998
64.02951139007277 -56.9105882435476
100.65112628348416 -56.93832009964729
153.04269499701104 -56.97260536975285
320.0642502740822 -57.04455185871104
171.23687309692244 -57.055104717932316
241.74764390170722 -57.076754958809126
114.9548826010427 -57.13993030975712
315.9572311333971 -57.238237244654016
57.63155865164239 -57.28175356907021
358.15206267005055 -57.47953147629406
51.491856609685115 -57.502843867120646
289.4907000787183 -57.52313818790635
222.9703190678243 -57.53772132299368
118.61204568980693 -57.5551969936256
105.89944688922782 -57.58088734127532
60.86385769137024 -57.593523221341805
130.84979643558066 -57.649387460860794
229.18499711843506 -57.70721769682597
116.73764547346991 -57.806967395992956
112.07247160169776 -57.81157704332022
294.9389567075379 -57.83260641025174
132.2576792647405 -57.91151671112965
65.80394359487182 -57.9241444400001
328.1283365381455 -57.94765784581214
192.93826226829108 -58.019855643038
215.9725582601661 -58.02361312936591
350.6211391341898 -58.12817773779191
144.1205499672468 -58.129794342891294
320.58908233465655 -58.15033335721885
298.6211117991866 -58.15441464104854
133.08241535992877 -58.17396668543295
136.68126377529586 -58.20070551645225
179.1843300141914 -58.21520424248953
246.0545990654683 -58.27547532605356
353.062024749242 -58.28055654520585
216.49739032074046 -58.37198006323888
128.93374288110283 -58.49720694813553
141.80462436661705 -58.52656648687241
146.2865235505696 -58.54557811558053
143.23749919866137 -58.58837638895859
399.29723008555527 -58.58896622369889
182.48327439494457 -58.62263110198037
128.21730546508067 -58.6781760280704
154.8671112075791 -58.78416896555813
322.38017587471194 -58.78731367347347
170.6287343600664 -58.93532435649917
204.75114896502842 -58.94664054161626
114.05517049720092 -58.97998354451645
194.70436380546198 -59.02851647793748
55.64885975613923 -59.034691784640245
157.6578848630142 -59.042477885247614
286.58329707648886 -59.05274887117512
362.79224453893823 -59.05579338746313
64.66264212981328 -59.062190378891664
346.93898404254105 -59.07329344669983
293.7226792338259 -59.08285643245117
197.6867428163449 -59.11327034318028
257.00109632887654 -59.16717588735085
253.76879728914867 -59.24093097588756
231.16769601393824 -59.35066176531917
313.9828629055221 -59.35289035910754
215.07284615632432 -59.506691577544814
391.69133054104105 -59.526353302501995
279.45224558678 -59.53285271710453
367.032554361674 -59.64807001777714
369.5067626472388 -59.648822116963764
227.24395156107272 -59.727797536443255
54.99073701351423 -59.76271262384686
158.63257297550945 -59.80564443121451
160.0321251370411 -59.80798136959252
372.72240035171035 -59.80980555370098
354.9197636303227 -59.8168655492394
198.56146291730218 -59.82048356914226
272.5461221230316 -59.86327847978134
351.595827246685 -59.9539112859751
203.98472754323728 -59.95659220675818
203.03503143362653 -59.95996510014055
342.0905354829493 -60.02321539412532
260.75822742917876 -60.04700414054324
264.9068999080047 -60.090652885371334
365.1664848129651 -60.100776019990256
274.4871676803939 -60.161893747841624
129.5252202827025 -60.17716497908254
232.9837815568781 -60.23024447876816
144.687035365962 -60.25109916189522
172.73639326999205 -60.385725877937716
267.80597224260595 -60.387994177615845
184.42431995230692 -60.40217666867894
316.88193524012337 -60.41776642257432
124.62678771734174 -60.420354427122
326.18729098078313 -60.46645184398134
268.32247363555217 -60.531278882154446
196.35383599583855 -60.55136410207046
323.38818665771987 -60.680129878158816
259.27536859136546 -60.684461514847904
148.4691584691487 -60.68658936894469
130.05005234327686 -60.6956664646817
153.65083373386705 -60.80786273040284
162.3147280671582 -60.81529968357557
221.6790655854588 -60.8170137138236
174.15260676678002 -60.82701205142693
269.7470177999683 -60.828599520120555
197.25354809968033 -60.854350105129356
257.53425905707905 -60.908049722869045
133.7072154320411 -60.92344719705411
201.01067919998255 -60.93428996221258
205.25931969034647 -61.00128761052326
361.45933771843187 -61.06107247527467
178.37625525425946 -61.087370382633054
160.99015191428003 -61.11091017366187
272.112927406367 -61.120663308713425
210.94916568038286 -61.13321413698657
398.4475019874825 -61.16384779958137
250.6114742580743 -61.35827596388723
307.8598221988211 -61.47499446302246
211.8072244460838 -61.486185147458734
142.64602179706168 -61.584540988830604
289.92389479538286 -61.61016333083749
185.65725876127527 -61.64665542090802
220.7460308111044 -61.64765515040269
385.49331382568664 -61.69204050011947
369.06523726294614 -61.723813238753316
171.7617051574968 -61.77740462457931
186.9235202407563 -61.81288756103752
161.47333063671357 -61.843127831791485
301.7117894892357 -61.85518526810503
386.8845353195901 -61.864325461487304
280.260320346712 -61.89280964703958
226.4275461335126 -61.92441394743086
313.4913535154604 -62.004343545870256
312.4333587266835 -62.00778163544285
366.0162129110379 -62.01840219644464
205.71750640989552 -62.08244558933483
353.9867288559683 -62.161616817518755
346.25586929703155 -62.18795441501146
327.43689112500783 -62.225497085393584
297.91300505079266 -62.22644176031145
376.0713287382325 -62.23883681545626
356.24433978320087 -62.2456200145096
272.97098617206797 -62.34758165443309
274.92036239705845 -62.372360168826674
201.9603753095933 -62.380221451784585
302.67814693410276 -62.39491357589612
297.47147966649993 -62.40523773699608
259.74188597854265 -62.40915257109369
294.22251929151577 -62.46801583364484
284.60892884861386 -62.48332748353522
376.83775016002363 -62.50806921139787
299.245911871299 -62.51654037179221
308.3846542593955 -62.71822023507062
357.4939399274256 -62.733065401663794
277.72779738774994 -62.931546628368686
230.2846452453528 -63.00684042503411
328.7781286131423 -63.21239064599721
347.6720827938195 -63.21926833549524
374.54681656227837 -63.23736483517092
373.6471044584366 -63.24592771642428
394.32382151154104 -63.24827481747059
304.7191605030031 -63.29906203640824
167.31312864405692 -63.3020545729407
392.4827439657167 -63.4085677249216
291.6733349972974 -63.40862209368759
185.19074137409805 -63.54746269995908
371.7893655773559 -63.556461445883684
318.71468211831956 -63.66472003249987
181.30031959174522 -63.681087772559096
183.92447989461704 -63.74674321079922
273.4624955621297 -63.7585190857179
245.45479099624046 -63.77415906592446
264.34874517691765 -63.79567230385471
381.5945613757056 -63.9292435959721
318.2564953987705 -63.95190030115321
297.0382849498354 -64.00359195037458
239.51502497735913 -64.0134712284263
377.2959368795727 -64.36927422961877
322.9133386029145 -64.4404641865845
370.27318406903 -64.58138678957907
345.79768257748253 -64.65259053231551
326.71212304135753 -65.19259919338607
