48.48448559591771 25.078952798442316
72.63509104996676 -7.636430388766368
24.333880141868665 -7.678544813686439
242.40576664433223 -14.746062325839361
5.4149339583069604 -17.416602316948882
145.44512612012497 -19.303062660265432
339.37473783616764 -22.36678443082397
96.96064052420725 -22.785328313288502
311.35037193502205 -24.436823006157383
91.54570656590029 -27.16997605866899
84.7062284431772 -27.628024057259037
12.254412081030061 -28.3186286050246
37.646287011675625 -29.81891518731956
218.2551611902832 -29.92537679531466
193.92961171604267 -29.98450841443913
19.76867428163449 -30.13168394193526
71.46046691439555 -30.210404345496965
266.55637209838125 -30.740945966285455
336.8422148772056 -32.04969398295316
21.801357182906642 -33.0215206159497
168.4211074386028 -34.06066743764075
134.61525820351105 -34.90995409951858
95.07790964024207 -35.73204552054064
234.041776345655 -35.83135151507998
387.85089276445717 -36.66012526708062
23.292546688348096 -36.73726007725784
75.15928334130062 -36.80370075627024
20.493442365284807 -37.12479833002149
77.19196624257276 -38.15746338539821
26.858072433202526 -39.21899780506233
238.62364354114553 -39.249223605060685
18.793986169139234 -39.294581654886436
80.71583864928637 -39.37028667608336
42.861284946906636 -39.396486065070015
363.5253432902167 -39.72144266243293
195.55409190353475 -39.82975460066836
315.2241323821186 -40.08940321949797
331.01074753749043 -40.26204844533605
8.380651633933542 -40.36846960529851
152.49287093355218 -40.60508116567464
292.52306309537016 -41.174110430824236
239.88157435299837 -41.26696073174961
199.34454567434963 -41.35622784448818
51.00867788725157 -41.45698291399782
102.25061446809175 -41.53846782076108
54.107686244928786 -41.720248962470116
335.5842840653528 -41.77073752390337
70.10256809100473 -41.85806956385726
149.2189185556835 -42.27561354830859
191.41375009233698 -42.27639737813474
281.6848645111281 -42.32378070716509
52.25827803147625 -42.3904552688718
378.65383570296353 -42.5871359935473
117.45408288949206 -42.662871318723425
0.3915413785237341 -43.07372879650248
9.963478483284808 -43.11435202834314
249.45351145775945 -43.22712835845431
2.5241922913338604 -43.25786982524346
120.26151788018352 -43.46783345751774
288.37439061654425 -43.928365356429985
16.361431221715186 -44.166725735488086
343.1485302717262 -44.2447942868853
177.67647917349362 -44.36650667577491
324.75441614873887 -44.55727260218864
45.951962636955685 -44.64649398185404
59.06443348368669 -44.776021852187256
21.059927763999994 -44.84818443232796
34.12241460496202 -44.98816418795161
9.122081052840187 -45.03945752336538
10.854859919498415 -45.10357370278706
109.42331929594143 -45.12379755006685
121.1112459782563 -45.14970803962253
1.1829548031993669 -45.16243012850216
29.77380610306012 -45.2018325735321
1.891061551593354 -45.38779509169968
384.1020923317831 -45.417594511662266
244.93828960329424 -45.51310463612401
290.89025224024994 -45.58390173481206
11.496321326867086 -45.84254007638842
78.25829169897783 -46.00585192589423
70.977288191962 -46.048730707588724
14.387062993840187 -46.22193432608566
180.27564747348097 -46.340386614489596
385.968161880492 -46.54542267026224
50.32556314174208 -46.61311151689504
147.2945343335775 -46.64358772606402
115.48804532924522 -46.83772329847349
25.99168299987341 -46.97388189147458
13.37072154320411 -46.99008910172724
287.2330891514857 -47.153790449016526
169.595731574174 -47.55762616124134
6.814486119838606 -47.67543393011041
31.614883648884486 -47.71523258630319
360.9928203312547 -47.766673169211266
137.91420258426422 -47.78223174911807
75.81740608392562 -47.926884925793935
278.63584015921987 -47.98716307277359
62.83822591924524 -48.006114517210506
12.904204156026896 -48.127527098680666
74.01798187624208 -48.25416223530225
98.51014470304587 -48.53233679397895
206.18402379707274 -48.65493559260816
312.6916094231566 -48.690727438980495
88.58831955790188 -48.88849574729991
188.63963777215818 -48.95355755277475
192.03855016444933 -48.97287479448968
389.74195431605057 -49.26460341822624
126.50118793367876 -49.29252786394525
283.20104601945405 -49.55673387579137
67.18683442114714 -49.569883705510584
382.2110307801898 -49.63062725986208
296.3051861985569 -49.65057232184219
244.25517485778477 -49.65418695010859
32.6228944318924 -49.8280023901479
17.444418013376577 -49.99390909064939
35.10543338508543 -50.00030863142093
15.678316476205692 -50.01144350205768
99.30988879534966 -50.18196536115662
139.63865078329428 -50.1923167180841
367.8239677863496 -50.45842322999139
106.38262561166137 -50.49775194639443
59.73088689393986 -50.600551149905264
251.96104241383696 -50.8019977652302
285.22539825309804 -51.019363061381874
86.10578060470884 -51.20195270327523
44.0692317529905 -51.22059698067101
348.9216829380442 -51.27294825336463
241.68932922831007 -51.384539908680615
341.8989301275015 -51.557732356324074
94.4364482328734 -51.74964960867021
304.04437642512175 -51.792727984564834
379.8617825090474 -51.8779690574223
306.8768034186977 -51.965818773888564
209.91616289449047 -51.99496070892966
166.8466112568797 -52.0334488550183
104.49156406006801 -52.06505528127972
142.9209338287911 -52.09359765110285
220.7876841492452 -52.09795433994747
29.140675363319613 -52.124846647824334
28.44089928255379 -52.21084714216423
61.85520713912182 -52.227260077733426
118.02056828820726 -52.24703017096107
87.06380738194777 -52.36895320575354
277.23628799768824 -52.41682650595683
235.0997711344319 -52.664204159569174
263.80725178108696 -52.74711491294965
46.63507738246518 -52.854448592025356
82.22368948998415 -52.972849812930356
352.52886202103946 -53.009599469988984
252.97738386447304 -53.13038600697049
213.69828599767717 -53.15974030652217
255.55989082920405 -53.26905066179393
122.46914480164712 -53.28419359936789
36.44667087321993 -53.342680868505205
45.20220255042088 -53.568198165149205
40.92857005717246 -53.65684699141608
99.87637419406485 -53.71806006799735
104.92475877673257 -53.73393843680828
156.2749940367389 -53.760353436018306
261.1164461371898 -53.84308403529091
87.76358346271358 -53.95957466463506
177.01835643086864 -53.98571628148644
247.81236993501102 -53.99529734346101
93.8699628341582 -54.07153304992789
108.45696185107434 -54.13500644669052
164.15580561298256 -54.218449828129444
333.75153718715654 -54.2201271294702
30.781816886068032 -54.2477544288629
38.637636459427206 -54.29832763357084
267.3311241878006 -54.328053265267386
83.58991898100315 -54.44056020371878
151.06832676913604 -54.44056051143023
76.53384349994776 -54.45017509048527
127.10099600290661 -54.58627441802668
112.83056235586074 -54.59057820440066
110.15641804721992 -54.59334079409998
81.34063872139872 -54.60725255209318
79.08302779416613 -54.61344064145288
287.8162358854572 -54.645315084544706
103.41690793603479 -54.67853895967579
275.82840516852843 -54.76813289377384
310.4006758254113 -54.79296816904557
79.73281986916295 -54.89609218022728
337.5253296227151 -55.0199493823333
236.96584068314075 -55.0227201054436
240.56468909850784 -55.05370402558535
289.02418269154106 -55.0799718136725
190.14748861285597 -55.10257672744773
106.9407803427484 -55.10631816929501
341.215815381992 -55.1255029224101
39.45404188698733 -55.15865334146641
246.10458307123727 -55.235752216664785
215.73096889894933 -55.31764242174762
95.62773370370093 -55.448968322335325
65.35408754295094 -55.45770131165926
42.10319419274366 -55.49547184097086
262.89920900961704 -55.53707273178455
165.86359247675628 -55.724499816245334
173.43616935075787 -55.766558751188654
256.10138422503474 -55.80573043719218
344.77301045921826 -55.86268224804371
359.8598495338243 -55.901106225651624
146.8030249435158 -55.940276529862615
270.43013254547776 -55.982299504996284
358.07708666139706 -55.99870267669568
273.9789969550759 -56.04158036469215
67.81996516088765 -56.10174949386299
84.10642037394935 -56.10552827750485
90.14615440436864 -56.14504877532257
92.7203307014715 -56.15949286812884
320.9556317102958 -56.21552430601427
298.4628291142515 -56.29052555664379
212.45701652108065 -56.36136078728696
201.46053525190342 -56.45970322158045
35.85519347162025 -56.498592474002685
364.300095379636 -56.55003000759876
385.3267004731233 -56.5596588628351
156.74984209154428 -56.5661138211976
395.3901469679461 -56.6220552778729
309.4176570452879 -56.65906173816347
229.23498112420407 -56.676019835983276
349.9380243886803 -56.74086148268535
368.9735999190363 -56.74520349182188
317.1985006099936 -56.77751574609505
384.77687640966445 -56.98140380280233
41.57003146454113 -56.99489153583556
39.9788739475617 -57.028416228547485
171.32851044083225 -57.15255314919376
393.5157467516091 -57.25575163684558
398.6807606810711 -57.277392709522985
320.21420229138914 -57.2999464892815
58.15639071221676 -57.43135294528194
125.601475829837 -57.45728195703392
63.88789004039397 -57.48131717781546
85.48931120022466 -57.504750606059865
175.4022069110047 -57.51078355353163
253.7188132833797 -57.57355006165869
397.2978698547958 -57.57917656166347
119.55341113178953 -57.59989915591168
125.01832909586548 -57.64366563727375
105.83280154820251 -57.686015417083304
223.70341781910278 -57.754301285675375
64.87923948814556 -57.792857017538886
69.06956530511232 -57.80242838255288
317.74832467345243 -57.87324599305623
52.808102094935116 -57.96183036386295
259.27536859136546 -57.98005975604118
366.0495355815506 -57.99936112999223
249.93669018019298 -58.061592795052604
103.86676398795568 -58.07518912350762
207.14205057431167 -58.296745527450945
101.15096634117403 -58.328491226558604
153.0010416588702 -58.34682152676785
130.76648975929902 -58.34757372087163
180.73383419303002 -58.35620290837446
147.977649079087 -58.35922057025448
123.77705961926895 -58.396815280346225
353.062024749242 -58.44021435805265
391.64967720290025 -58.52002003646174
124.21025433593351 -58.57949742499067
225.3945433476202 -58.63430663658261
111.70592222605852 -58.64897626311106
64.42105276859651 -58.654011879715235
132.29100193525312 -58.67128376168538
257.49260571893825 -58.769915598693835
270.9716259413085 -58.77226609363672
221.3541695479604 -58.814422301694314
374.65511524144455 -58.86645154738736
375.5964806834271 -58.87279072956522
243.76366546772306 -58.94384793725259
208.58325607398413 -58.94955203955266
181.2336742507199 -58.96902611487065
186.39035751255375 -58.98462662369741
141.75464036084807 -59.09126975293551
331.96877431472933 -59.15838729553965
361.4843297213164 -59.177744142976984
219.7963347014936 -59.18050112595611
214.3730700755585 -59.2414360095276
190.705643343943 -59.28435588786184
162.3147280671582 -59.292819303274236
128.45889482629744 -59.32439804705581
107.4572817356946 -59.422854332539224
61.163761725984166 -59.43717572332548
114.2717678555332 -59.476766947536305
159.1407437008275 -59.488025737390906
222.93699639731165 -59.546881628088954
154.70049785501578 -59.578636060390956
182.84149310295567 -59.616115390703264
158.68255698127845 -59.624426469913686
346.9056613720284 -59.70977483379398
396.53144843300464 -59.72862617431836
118.68702169846041 -59.74119858254384
328.1283365381455 -59.75659714823251
275.26191976981323 -59.76791732852255
197.6867428163449 -59.78919367274299
56.77349988594144 -59.796749381011864
133.40731139742718 -59.85782014992743
216.52238232362495 -59.92320814111193
279.3356162399857 -59.97323081910258
302.7614536103844 -59.98181864196558
256.7678376352879 -60.00798263186736
351.7874326021328 -60.0084910182812
306.0104139853686 -60.025197517779155
128.99205755449998 -60.078773810186966
160.02379446941293 -60.14069420542446
130.04172167564872 -60.166905010790764
203.159991448049 -60.16864595142019
272.17957274739234 -60.204541923798295
323.20491196990025 -60.20657900129577
178.20964190169616 -60.22244219289434
202.30193268234805 -60.25780754000749
300.31223732770405 -60.27516807223469
55.890449117356 -60.29989194106304
170.63706502769458 -60.31521170237314
137.18943450061388 -60.35070227553596
144.27050198455376 -60.352691233992346
340.4244019573164 -60.362611740842205
376.5045234548971 -60.39623666982467
140.84659758937812 -60.443161453840126
330.35262479486545 -60.51696354247656
54.93242234011708 -60.56064951472565
139.01385071118193 -60.56282398919586
233.0087735597626 -60.57598048596234
143.53740323327528 -60.57788812129255
267.8226335778623 -60.59901618549685
399.2055927416455 -60.60840036567816
307.88481420170564 -60.68088126698427
196.45380400737653 -60.69118890610474
323.97133339169136 -60.695937596671854
289.9905401364082 -60.72102018534415
372.7307310193385 -60.74583692762727
370.89798414114233 -60.77452493204898
200.7440978358813 -60.86784612498095
254.50189604042717 -60.88191719802732
353.7284781594952 -60.97058244301229
176.226943006193 -60.99140490392718
225.94436741107907 -60.99667187124329
220.2961747591835 -61.02962672055104
316.74031389044455 -61.03792227544843
322.1635785163797 -61.1708068193527
350.6211391341898 -61.19343723868849
157.5412555162199 -61.228614638988745
184.49096529333224 -61.2350692632713
135.51497030735283 -61.24141163261486
354.5198915841708 -61.256203808689094
264.5236891971091 -61.2641712002251
318.60638343915343 -61.26578091998906
313.54966818885754 -61.29258399474582
294.589068667155 -61.293944919846886
210.88252033935754 -61.301680025725155
326.21228298366765 -61.36099431355006
338.2834203768781 -61.402849750078325
204.79280230316925 -61.44781652474692
258.7755285336756 -61.46490365603492
116.30445075680535 -61.51835024076525
365.2581221568749 -61.628383159071234
161.08178925818984 -61.63997691286507
136.21474638811864 -61.667093783015254
371.38949353120404 -61.70621734107735
159.59059975274837 -61.75887405888911
163.13946416234648 -61.78265131530645
182.0334183430237 -61.80489174423942
367.1075303703274 -61.80566908864708
302.21996021455374 -61.82669996216893
215.23945950888762 -61.920728116003886
355.2529903354493 -61.924876706789725
250.74476494012495 -61.97440292378432
164.9472190376582 -62.010225931433666
399.83039281375784 -62.123867345374805
316.13217515358855 -62.176660025823274
277.91940274319774 -62.178440347952495
246.95431116931007 -62.19120561005525
274.4455143422531 -62.206358282151314
152.03468421400314 -62.27191699340122
228.39358369375944 -62.30007599601078
222.20389764603317 -62.31682360951163
357.21069722806794 -62.31702320731423
230.15135456330216 -62.38380961109573
329.6778407169841 -62.39160879507477
185.96549346351736 -62.43310156572664
297.7047383600885 -62.45899599644398
172.52812657928794 -62.46733679337476
284.5589448428449 -62.538211593135195
269.03058038394613 -62.61387674589324
231.10105067291292 -62.63868641557815
321.672069126318 -62.65522396069971
149.91869463644935 -62.657328023144466
368.3904531850648 -62.66032101828509
232.2340214703433 -62.70336931922187
369.7983360142246 -62.798003269002244
371.99763226806004 -62.84645626304988
161.6316133216487 -62.84696707791659
187.3900376279335 -62.878517278798746
153.50921238418826 -62.88822326502443
362.3173964841328 -62.921562889598704
265.48171597434805 -62.956532631520616
205.57588506021673 -63.14025954110975
227.00236219985595 -63.18491254960935
301.0536667466107 -63.22577537788297
178.82611130618034 -63.234204250511056
273.27922087431006 -63.23876685257063
260.0251286779003 -63.291758826275846
362.95052722387334 -63.358136179919505
172.05327852448255 -63.36304843631428
295.02226338381956 -63.38941141315734
198.71974560223728 -63.392239541100935
381.2863266734635 -63.42186636632895
179.30929002861387 -63.49507296933933
262.33272361090184 -63.53095090155904
204.3179542483639 -63.58674941814227
238.17378748922462 -63.72488819631289
347.6054374527942 -63.725400873911916
293.5227432107499 -63.72669132798564
284.059104785155 -63.7281444277784
377.51253423790496 -63.745857575663
319.25617551415024 -63.80259366755172
237.62396342576577 -63.85683125901045
291.65667366204104 -63.88697953119995
189.389397858693 -63.90552059522643
280.0687149912642 -63.95016070941625
388.9005568856059 -64.19902845440438
327.27860844007273 -64.23035214581454
394.1822001618622 -64.33290935999197
374.021984501704 -64.58415993192517
286.1501023598243 -64.64977436278406
345.922642591905 -64.94164106437488
392.3327919484097 -64.95911044426579
295.7387007998417 -65.01941915787467
299.20425853315817 -65.09813520922732
382.9274681962119 -65.48079056424054
