48.48448559591771 24.571559589047506
72.68507505573574 -14.854317281652053
24.275565468471513 -14.903918786771468
242.40576664433223 -17.4078194852563
5.4149339583069604 -17.728355361596012
96.96064052420725 -22.729334299522293
145.44512612012497 -23.324164846378213
91.54570656590029 -28.843282830566437
311.35037193502205 -30.01921964315414
84.78953511945885 -30.033067049932765
71.46879758202371 -30.57718966697169
12.171105404748415 -30.754577986626597
193.92961171604267 -31.743965152672185
37.646287011675625 -31.982271283459735
19.76867428163449 -34.09847469151535
168.42943810623098 -34.77871886760996
339.37473783616764 -35.612795081049875
95.10290164312656 -36.72730578024651
134.61525820351105 -37.17751855381562
23.292546688348096 -38.049858246845744
234.041776345655 -38.10057695925169
0.20826669070411388 -39.62124364395524
18.585719478435124 -40.04093389789601
8.380651633933542 -40.053450311515036
25.99168299987341 -40.09827101605283
387.85089276445717 -40.13188565446888
218.20517718451418 -40.20987624504614
70.977288191962 -40.75031681654685
25.27524558385126 -41.02558491065907
238.62364354114553 -41.31728743179309
266.6146867717784 -41.54488829264497
80.71583864928637 -41.6854229196417
149.16060388228635 -42.0125144192039
331.01074753749043 -42.14389490490729
195.55409190353475 -42.26600805970239
11.171425289368669 -42.72185303595754
152.49287093355218 -42.860809323786775
20.460119694772146 -43.00010581438611
199.34454567434963 -43.09869998363197
52.1999633580791 -43.21391594169353
292.52306309537016 -43.27077428311284
42.861284946906636 -43.31239503439599
102.25061446809175 -43.417309995795655
335.5842840653528 -43.567911489562256
191.42208075996516 -44.03489678559428
4.623520533631328 -44.08418528000906
54.107686244928786 -44.10768586946099
9.938486480400314 -44.24526718402575
281.6848645111281 -44.39620277190706
14.745281701851262 -44.81452587057046
139.8219254711139 -44.90470507280069
343.09021559832905 -45.05369355649725
384.1104229994113 -45.07750288365546
378.65383570296353 -45.22886657539013
249.45351145775945 -45.468231467113775
77.19196624257276 -45.498466013236715
1.9243842221060121 -45.744599715738424
115.6130053436677 -45.767434801002025
288.3827212841724 -45.79758183479274
50.392208482767394 -45.85165245883666
78.30827570474682 -45.861615587440234
120.26151788018352 -46.09469264154779
290.89025224024994 -46.27206812130564
147.35284900697465 -46.389283182209674
21.143234440281642 -46.58855738989925
34.12241460496202 -46.76529320908364
177.67647917349362 -46.767724809346184
22.042946544123414 -46.790079974460525
29.823790108829108 -46.82941904483362
109.42331929594143 -46.90009214254176
324.75441614873887 -46.97834170061813
13.37072154320411 -47.008311309652946
59.06443348368669 -47.108626109916905
9.205387729121833 -47.5293783968147
7.747520894193036 -47.74273989049008
386.00148455100464 -47.766155011049925
67.06187440672467 -47.91739187847802
3.7321390974177207 -48.164140661239635
6.54790475573734 -48.266694326194454
2.6658136410126576 -48.44500086499542
137.98917859291768 -48.50168743000129
4.157003146454113 -48.568893983578754
17.65268470408069 -48.606091120948086
62.83822591924524 -48.73210170791771
180.27564747348097 -48.948183634196845
88.58831955790188 -49.060154079783935
206.39229048777685 -49.696723842071215
47.484805480537965 -49.82767496866912
75.81740608392562 -49.98118322831817
192.071872834962 -50.00470800422309
151.06832676913604 -50.05470367786811
74.91769398008384 -50.3187473499468
26.63314440724208 -50.42222074057764
16.453068565624996 -50.53231987512135
36.380025532194615 -50.559028224869586
389.7086316455379 -50.687659514297685
382.26101478595876 -50.758362111796686
244.32182019881006 -51.07475125438173
333.75153718715654 -51.15807870757837
15.886583166909807 -51.195330620484704
188.63963777215818 -51.205013175037514
31.614883648884486 -51.23039825057543
98.618443382212 -51.23941718858746
106.27432693249523 -51.283792839080384
117.42076021897941 -51.314079856942556
73.68475517111548 -51.53024636342806
164.0308455985601 -51.63994695663418
282.25134990984327 -51.80428681247245
223.8200471658971 -52.06791625233308
126.50118793367876 -52.14674701739366
285.3170355970079 -52.28037825540406
85.7892152348386 -52.342367353041055
49.48416571129746 -52.49530556825456
65.35408754295094 -52.504963833833756
80.14935325057118 -52.50860174806744
341.2824607230173 -52.7041470627834
367.8239677863496 -52.77424837458969
44.67737048984651 -53.06475412872758
255.48491482055059 -53.07704139947074
251.96104241383696 -53.14825335275268
348.9216829380442 -53.24573087263119
277.23628799768824 -53.24751939473077
109.98980469465663 -53.36209413703292
241.41441719658064 -53.48406349234142
27.657816525506323 -53.493671726001786
29.265635377742083 -53.509152947398
86.58895932714239 -53.55477740395944
39.22911386102689 -53.620346402411144
122.46081413401896 -53.68451651771351
121.16956065165346 -53.699424372426016
67.70333581409334 -53.724137438827796
92.34545065820409 -53.72534182013206
41.02853806871043 -53.76880629269238
303.96940041646826 -53.77073783372305
34.813860018099675 -53.798395328983325
43.85263439465822 -53.85390707702309
70.32749611696518 -53.940992072430355
209.91616289449047 -53.982177015402065
338.3750577207879 -54.059609042855435
379.21199043405056 -54.076778694221254
177.10999377477845 -54.11499391755413
166.8466112568797 -54.233767431354465
234.95814978475312 -54.24188301903305
287.1831051457167 -54.24456285064705
262.86588633910435 -54.27322514926808
35.40533741969936 -54.36063662690183
352.453886012386 -54.387198608417044
108.45696185107434 -54.40290362560319
28.10767257742721 -54.42488736030839
59.73088689393986 -54.47389254009686
95.96929107645568 -54.525259782468474
46.56843204143986 -54.56346226228744
68.95293595831802 -54.60071641863376
287.8162358854572 -54.607701659057476
190.2141339538813 -54.651654131755464
246.22954308565974 -54.664261902251155
175.27724689658223 -54.740862459528756
359.8765108690806 -54.74479065193163
380.40327590487806 -54.79908550472991
247.81236993501102 -54.85721673992847
30.381944839916134 -54.90094495253033
310.4006758254113 -55.05832742954559
240.49804375748255 -55.133245509898984
261.06646213142085 -55.165378278502324
69.80266405639081 -55.19147266230687
374.830059261636 -55.19169637129446
212.58197653550312 -55.21362748279271
315.1658177087214 -55.23244977356888
32.63122509952056 -55.41384689101091
397.13958716986065 -55.460308888346596
363.59198863124203 -55.465159236385
267.3311241878006 -55.467536580498916
87.04714604669144 -55.55924763821836
253.5771919337009 -55.577356020345945
263.80725178108696 -55.5888020901954
82.22368948998415 -55.656709463803544
289.00752135628477 -55.697204234663786
40.18714063826582 -55.78848311686983
30.83180089183702 -55.790580926582386
61.84687647149366 -55.857713314574454
103.51687594757276 -55.90713711327242
278.71914683550153 -56.0664379654556
41.978234178321195 -56.17030924642081
306.8768034186977 -56.25565950135829
45.39380790586866 -56.262735642579266
274.0706342989857 -56.292900080970675
83.58991898100315 -56.359564523504645
104.41658805141454 -56.39313611138459
87.76358346271358 -56.40359503703021
93.4700907880063 -56.4379539277607
101.58416105783859 -56.44296146191766
33.59758254438765 -56.530610832548554
156.2749940367389 -56.61993385780688
90.41273576846991 -56.72132000211107
77.7251289707753 -56.73135764711068
275.98668785346354 -56.73606494157986
112.83056235586074 -56.74556760512008
298.29621576168825 -56.84797221757185
104.93308944436073 -56.9445592872552
344.77301045921826 -57.113902761372024
393.5823920926344 -57.12748063879195
357.9521266469746 -57.13259496549116
97.960320639587 -57.149659202473124
51.5418406154541 -57.230654730857054
216.1808249508702 -57.25873690405994
130.56655373622309 -57.285932377673845
76.50885149706328 -57.38316265741678
38.6876204651962 -57.48423421437218
169.645715579943 -57.48658298937664
180.90044754559332 -57.59330854947941
337.46701494931796 -57.60157323636077
108.99012457927688 -57.60768715963229
369.2735039536502 -57.61559165983751
320.78068769010434 -57.618100726354704
79.30795582012657 -57.62135149960741
50.96702454911075 -57.67509173377809
60.58061499201264 -57.70621637749466
132.44928462018825 -57.70766574340548
331.76050762402525 -57.7516891620229
364.300095379636 -57.807377385648614
317.04854859268664 -57.82060846089541
167.85462203988763 -57.86952654942141
281.25166979446357 -57.87040230457293
100.66778761874048 -57.89470789982016
296.4884608863765 -57.895083539677636
318.94794081190815 -57.92874514837496
158.52427429634332 -57.94812700194384
243.40544675971196 -57.95342837464121
206.95044521886388 -58.06185207854023
330.1110354336487 -58.10663406549744
99.46817148028478 -58.12360012195671
128.67549218462972 -58.134530774286894
89.42138632071833 -58.14873943312633
146.8030249435158 -58.16770978323882
309.47597171868506 -58.23095881930266
100.23459290207593 -58.371746055648224
214.38140074318665 -58.39510759705155
63.33806597693511 -58.41417583852435
182.808170432443 -58.51642371239398
252.97738386447304 -58.66641544704407
54.95741434300157 -58.71858872023262
89.9462183812927 -58.720284083209066
225.71943938511862 -58.78432281796182
106.87413500172308 -58.798111314595154
186.4736641888354 -58.81017144836958
210.69091498390975 -58.954773805707724
300.2039386485379 -58.96931496425782
197.74505748974204 -58.99078444089219
236.70758998666767 -59.021303895406874
141.72964835796358 -59.04358221295194
379.89510517956006 -59.05160136912903
373.03063505395244 -59.06455543496987
131.44127383718035 -59.075037939317326
119.32848310582908 -59.20059942422035
272.17124207976417 -59.26601584194244
224.26990321781798 -59.2677156249556
378.0623583013638 -59.29087616539899
399.0639713919667 -59.33406084838915
229.43491714728 -59.43660172622529
305.71884061838284 -59.51481165819322
140.82160558649363 -59.52884436941516
208.77486142943192 -59.5741507406215
233.06708823315975 -59.59250736901286
125.07664376926263 -59.60363575333321
184.6409173106392 -59.695084650925374
371.0895894965901 -59.7446288156387
350.8044138220094 -59.7978198194401
56.09038514043195 -59.8019705164646
361.69259641202046 -59.85593007432018
270.53010055701577 -59.866371435617225
166.2884565257927 -59.92400297548078
213.69828599767717 -59.950457732860265
111.67259955554586 -59.9615212057064
257.2593470253496 -60.09774323181292
279.7521496213939 -60.14874648869983
321.23054374202525 -60.16260557964828
328.203312546799 -60.21471981771587
160.29870650114236 -60.219902495995974
384.77687640966445 -60.250731795806985
56.84847589459493 -60.288645514554304
365.59967952962967 -60.35554179128132
154.78380453129742 -60.41933958347573
116.54604011802212 -60.4260955461884
346.82235469574675 -60.44236936781613
113.68029045393352 -60.45162782694848
173.46116135364235 -60.45691634715416
57.7231959955522 -60.46911956174241
220.07124673322306 -60.4958581802775
203.4682261502911 -60.53206829715278
354.2199875495569 -60.54809014164517
135.6565916570316 -60.55160543671334
349.94635505630845 -60.61298191183145
324.3212214320743 -60.815804435045486
219.20485729989394 -60.88476051004286
276.4198825701281 -60.89367115849212
228.41024502901578 -60.97541909729819
231.26766402547622 -61.040960438222186
259.608595296492 -61.0739443913317
326.2955896599493 -61.11520937155805
302.0866695325031 -61.117727686435735
269.43045243009806 -61.26784812219288
65.9955489503196 -61.27320540203126
111.04779948343352 -61.32529960794913
396.53144843300464 -61.32703246089034
124.61845704971358 -61.342480320922
58.53960142311233 -61.39672100168698
377.54585690841765 -61.43412716183797
280.5602243813259 -61.4349227832688
176.12697499465503 -61.435905388421496
376.7377821484857 -61.44637104977739
171.57009980204901 -61.4581761106785
114.6216558959161 -61.51097541943759
123.37718757311706 -61.53187754569004
264.82359323172307 -61.54378170262115
143.58738723904426 -61.59403352052237
136.14810104709332 -61.621110738152815
387.20943135708853 -61.62238445729751
202.97671676022938 -61.638610921792804
307.601571502348 -61.644049866855845
322.180239851636 -61.84271820816022
217.20549706913445 -61.93719002750419
259.1670699121993 -61.99754096467694
391.6829998734129 -62.07962770862388
128.13399878879903 -62.09601491687669
151.92638553483698 -62.1355119163887
227.36058090786705 -62.15692410024375
395.42346963845876 -62.15720244542862
157.48294084282276 -62.26195862427259
201.59382593395407 -62.2703801849788
340.3744179515474 -62.27476499933442
179.0677006673971 -62.33595165264135
220.7460308111044 -62.432415375851285
268.33080430318034 -62.45305914414277
322.6967412445822 -62.49067402922151
82.86515089735283 -62.49832346024774
118.67869103083225 -62.50708120943062
221.83734827039393 -62.56517200440569
301.48686146327526 -62.580507969103486
398.4475019874825 -62.62757587852881
205.03439166438602 -62.701817241528595
294.7056980139493 -62.7143110974985
150.0686466537563 -62.747080511177195
162.30639739953003 -62.7879874599466
353.47022746302207 -62.853766161598294
194.7960011493718 -62.85929330927892
170.66205703057906 -62.898834521388515
144.3121553226946 -62.90574574058491
129.6668416323813 -62.912349475187796
146.3031848858259 -62.92378697483775
313.1747881455901 -63.082132903067084
277.83609606691607 -63.11172651620215
342.0905354829493 -63.130787802595044
356.6108891588401 -63.16503713643198
138.8805600291313 -63.29034846297324
247.0376178455917 -63.44164297978572
200.47751647178 -63.45737422079387
159.4489784030696 -63.727280597853444
178.14299656067084 -63.77150614189153
165.21380040175944 -63.792526791645024
196.85367605352843 -63.8997718389794
137.08113582144776 -63.94249524352199
356.03607309249674 -63.94386302519208
284.00079011175785 -63.98197349253416
185.6072747555063 -64.03224375964152
232.017424112011 -64.1718292616467
169.00425417257432 -64.19293508914866
163.10614149183382 -64.25990401980756
211.58229642012336 -64.27654203692242
371.5644375513955 -64.44140050565255
327.20363243141924 -64.47263910768429
237.48234207608698 -64.47847020596998
193.03823027982907 -64.48134308625856
187.59830431863762 -64.54567651536934
222.9286657296835 -64.628964530928
381.22801200006637 -64.68174268368277
230.24299190721197 -64.68763501407479
161.09845059344616 -64.7046061038232
222.37051099859647 -64.72773838301306
286.2667317066186 -64.90091317638772
267.7726495720933 -64.91126287018808
153.36759103450945 -64.98804189288161
289.8405881191012 -64.99534774237193
332.97678509773726 -65.00448032282883
235.9245072296202 -65.03499803616172
394.63205621378313 -65.13201202194327
273.09594618649044 -65.19554026893643
278.285952118837 -65.1993384060206
260.2500567038607 -65.22148266712297
202.25194867657908 -65.24977897141008
308.7345422997784 -65.25358227204657
299.2875652094398 -65.34433671818164
349.43818433099045 -65.3703079927598
258.39231782278 -65.3976099874803
355.2529903354493 -65.42020292081241
329.0447099772436 -65.48673806340939
237.93219812800785 -65.58875694811947
388.9755328942594 -65.749188367582
284.7838728688053 -65.75513153024116
293.5643965488907 -65.80432571538249
306.35197135812336 -66.03246373915664
315.90724712762807 -66.0332088783153
360.70957763189705 -66.05632527238812
314.2161215991107 -66.24813185064977
325.34589355033853 -66.32842835134215
250.81974094877842 -66.3498441159041
297.47147966649993 -66.68915762267781
383.2606949013385 -66.77998066839577
343.8732983553765 -66.94385740458753
399.9220301576676 -67.00848419609456
265.98155603203793 -67.1867618285273
366.3077862780236 -67.38423843466448
392.4327599599477 -67.68772371713163
