48.63442178677142 23.536156953929517
24.40884820747521 -7.801360867791129
72.85999536606764 -9.006410902189701
243.15544760402267 -15.722298436330265
22.542779266016353 -15.856099056872752
74.72606430752649 -17.005058779570493
145.90326536031426 -18.526040814917
5.564884164707658 -19.41033011625387
311.46689992528434 -19.51505102310259
97.26884357354284 -22.232176214048863
340.4242911775655 -23.368885447649763
3.5655245845731702 -27.45459445546968
194.52102581725123 -28.548774941354846
91.70395940883519 -29.32441150020367
12.296061417827103 -29.696537295462765
84.95612082588129 -29.93430512926824
19.677030534490253 -30.60150062599184
267.38102118331886 -30.677140757456446
37.504653457356106 -31.235067001492226
218.92987402472644 -31.242155690157848
337.77513973388733 -33.166480875372734
71.39379834063568 -34.17266483303265
18.710673404091917 -34.21675185130642
168.66264191417852 -37.11712578710869
217.0638050832676 -37.28053782858974
134.7568357010645 -37.45938033988444
29.65716710532824 -37.69415158370437
389.0587129643369 -37.81651776855113
7.5809050746766005 -38.812005187921535
287.2413263459881 -39.22001185068571
96.00258250612434 -39.24988749041888
116.92921277819865 -39.273418274430945
364.64986475686175 -39.37016163014335
316.1987175982693 -39.62095063402181
77.34189309153578 -39.85265318754183
269.24709012477774 -40.127114191623036
9.29702204762537 -40.13485356683966
335.6758121747461 -40.28776375303748
240.50629616034448 -40.37613888653411
33.70587025510058 -40.66520752549654
4.54854304480596 -40.7665677726451
195.4040762984773 -40.84599569778868
384.510169919531 -41.005262549399255
78.47486352027866 -41.24085879955403
238.47361392054106 -41.243263350740655
51.28357323044962 -41.593869072063185
0.9663571303983359 -41.681195848866786
11.363026947097675 -42.10809180888966
80.55752974958541 -42.62651713412267
152.33453867641353 -42.63552166773533
292.67291987202015 -42.65522059221078
100.81770682828156 -42.81456131356816
281.54315154260485 -42.85759808130882
14.728615573657395 -43.31309691331694
282.95936457853344 -43.69352460130169
200.0859099819589 -43.99831803271661
27.057999651153406 -44.17978771778081
2.6491514436781967 -44.188484976926944
148.4357874951513 -44.25815626083056
291.7898693907941 -44.36393302073624
98.80168591831261 -44.88830584708193
55.74880962608331 -44.91478234683215
16.09484462008263 -45.01162650118026
378.7953337863132 -45.05625337403882
249.60338224995638 -45.134574554973746
13.179111899053167 -45.28955604663337
120.41143071359954 -45.43094298575957
70.19418259255498 -45.51893878519839
63.54631198860781 -45.64810186324251
121.6277077915147 -45.73388131388465
380.96130666479223 -45.76823693692464
35.48863254738716 -45.96574075477115
313.5495661545911 -46.149709841858154
177.82637332312825 -46.17954634122441
109.28166238418423 -46.269194962627715
61.013789853770795 -46.573666779714095
67.41174051020116 -46.64565416523118
43.6360228364352 -47.474928127432314
324.6126891646686 -47.63542484095558
245.80459904770086 -47.652862717463115
285.3585960746948 -47.7637546549591
361.98405198334905 -47.766728429451945
342.9568133124025 -47.86536128249188
366.51593369832057 -48.22148597169283
104.833087318385 -48.492527820197495
387.7924518969184 -48.59632497088935
89.45467988118389 -48.71042227161457
45.98527034309323 -48.712463280199515
382.62743964823767 -48.72741848002364
170.11217760977604 -48.763879518871356
206.53384462789262 -48.86895191300315
39.1374637811326 -49.087152574981694
164.680584083744 -49.20664852708563
190.97216256251252 -49.22734171376639
297.35475355550176 -49.25552804872002
92.72030052873689 -49.62590943428581
262.8324781385129 -49.73596721736083
87.57194960989058 -49.826677733180986
31.839801313641722 -49.92596796642069
110.49793946209938 -50.03307295532346
360.1013217120558 -50.03792000827317
115.91287165829695 -50.17118024450836
158.28263342731364 -50.2220052507175
54.282612600651355 -50.26863883369756
143.23745258680162 -50.34031471010199
86.27236588280316 -50.46470487137988
106.56586562116821 -50.63991589740769
279.493807972967 -50.68801353485703
107.89877200792453 -50.86493758594236
82.340292041872 -50.954457211318555
137.98913368894858 -51.11974138628457
42.1864871408377 -51.138596590164866
59.61423814767665 -51.17313107426738
28.124324760558466 -51.421398130081464
41.13682336126709 -51.58856748711607
367.6655654568979 -51.61099670828464
94.91959606688482 -51.76780884083119
251.80267778810432 -51.81374271471579
209.76614261577672 -51.85114702528905
255.53481567102205 -51.93453864838601
232.52551916964097 -52.169182462696504
332.32688487802085 -52.28647359297918
84.07307034465522 -52.28731114584449
286.2249852260864 -52.56291463696315
235.241315932657 -52.564170625328174
258.0839991356935 -52.63538287222063
207.75012170580777 -52.673992326434885
113.6802534604801 -52.708073368335306
349.07152136164717 -52.74265352642296
325.4957396458947 -52.906049478139096
111.99745914720025 -52.95926679811262
150.63508303329922 -53.09512505092134
130.79143920046442 -53.20485395115319
221.5956867982391 -53.48265107284094
53.0663355227362 -53.55664523192347
288.67420071175115 -53.63719308108764
193.25476474983273 -53.67155821356785
123.36048609429791 -53.735180038992205
57.748169206217796 -53.73937941201795
390.32497403175546 -53.79083479822745
166.69660499371295 -53.80830959005135
230.7760795370233 -54.412123168895896
174.86065661259545 -54.593190436596714
352.80365924456487 -54.67133299815479
160.8818008814885 -54.714633113276456
272.1128388563038 -54.86435023195952
228.42683203036526 -55.21200546307311
202.6184321167959 -55.34000876837866
127.45917323357362 -55.43604000143657
133.5905426126527 -55.51511745919047
171.99490788106934 -55.53234709806377
394.60693579921013 -55.752215446579655
305.8187091114044 -55.90272678889063
159.6322011439044 -56.059755098813476
199.08623019189164 -56.08118007633963
203.8180478648766 -56.11874970196812
157.0330336897296 -56.13978479901561
272.9958893375299 -56.15658194253931
310.2506228473692 -56.27759244217799
175.72704576398704 -56.29537526662467
301.08689143841946 -56.4598406946476
373.5803375481291 -56.573676399411276
326.47875810612743 -56.61355654821329
126.42617078383746 -56.65446329482319
225.3278246811568 -56.669969797112444
213.31500587051542 -56.7915951902419
307.03498618931957 -56.828437608703865
214.19805635174149 -56.88010972206189
317.33168802701215 -56.90859893625096
125.29320035509458 -56.926721495053805
350.9875742926094 -56.989303354646566
271.129820396071 -57.0415689725658
263.9654485672558 -57.063001190542096
185.22400376962588 -57.11166703118866
65.02917034387423 -57.17458669313845
302.23652319699676 -57.21286453335197
344.8562049135303 -57.29382868951941
129.10864488718457 -57.298966789463826
186.80683010389902 -57.32776056772791
304.0859308086212 -57.34658658059623
253.71873071906654 -57.4171678272852
265.69822687003904 -57.4278052863351
357.8687035142389 -57.56083375147499
247.65400665932526 -57.58886129621055
183.89109738286953 -57.605145359229056
368.6485839171307 -57.62038367061689
376.74599021667535 -57.6765040741782
347.7885989643942 -57.69149077011099
318.8478690419475 -57.888180179261965
136.40630735467545 -57.89344614632712
354.61974419652034 -57.93990282235057
396.3896980914967 -58.02671346689101
369.8481996652114 -58.16824301104333
155.01701277976065 -58.19455972153338
275.12853955634 -58.25739276066129
180.092314180614 -58.29700933767317
280.37685845419304 -58.316500946266245
189.37267489840494 -58.40651029621931
233.6751509282183 -58.45523550783801
181.59183386571488 -58.64598784963914
374.61333999786524 -58.661812694536465
140.78823710113687 -58.75894582976489
350.10452381138333 -58.78265035588193
303.2028803273951 -58.78672767757051
205.31756754997747 -58.8183131602311
144.4370683348823 -58.83302296495301
323.4463960762568 -58.863416531126695
321.21377787843994 -58.89376311210063
250.76967533836816 -58.93850334173824
399.68864139871863 -58.945349696799134
295.02216737867815 -59.069203937649554
142.32107944590663 -59.109457048825114
162.93114445112633 -59.1453026236647
138.93882948951247 -59.25127508802397
362.96707044358186 -59.367477360491606
229.72641575745268 -59.50861091515135
331.0606238106023 -59.56117694664525
296.43838041460674 -59.67864067663429
293.83921296043195 -59.72176154100516
261.5662170710944 -60.1013797468902
386.0263509344663 -60.165923711734905
322.59666825469964 -60.19579511537487
298.92091855994045 -60.20637764253762
334.2929217984864 -60.223402263465346
371.5809779679946 -60.23131189308916
226.32750447122405 -60.32125305732294
211.56556623789774 -60.33299010377053
356.83570106450276 -60.34539719907504
188.37299510833768 -60.47793735879345
236.69085162825448 -60.48228135625894
308.26792459706917 -60.540780966402764
327.894971142056 -60.70535014377409
397.57265250974297 -60.786553867571236
239.63990700895286 -60.830056767486724
391.9411230256975 -60.854384299248984
277.09457647680557 -61.082792488633785
329.56110412550146 -61.55915085197385
