48.48448559591771 25.075616740154498
24.333880141868665 -7.532919597322444
72.63509104996676 -7.880018402421914
242.40576664433223 -14.737588990607492
5.4149339583069604 -17.337535475134665
145.44512612012497 -19.26524758496164
311.2837265939968 -21.436968958385368
339.37473783616764 -22.276901769111074
96.96064052420725 -22.8325742063091
91.54570656590029 -27.05802731090553
84.7062284431772 -27.385138445037466
71.44380557913922 -28.621225136031853
12.254412081030061 -28.986380656484272
37.646287011675625 -29.68537472767821
193.92961171604267 -30.09491370400568
19.76867428163449 -30.135522434275362
218.2551611902832 -30.313641827718186
266.55637209838125 -30.45711551968356
336.83388420957743 -31.842187027919405
21.793026515278477 -31.876323038083942
168.4044461033465 -31.88536432191026
20.393474353746832 -34.345835501912795
134.61525820351105 -34.81868256275107
95.07790964024207 -35.14516560621028
23.292546688348096 -35.86872075853103
234.041776345655 -35.90866621233417
75.17594467655694 -35.965999823140855
387.85089276445717 -36.81180210871958
18.860631510164552 -38.022199304119226
77.19196624257276 -38.382732442442254
191.363766086568 -39.07913198349463
238.62364354114553 -39.12478045449355
26.874733768458853 -39.273701652419184
42.861284946906636 -39.29080987260189
80.71583864928637 -39.74518436054196
195.55409190353475 -39.74720184495896
315.2241323821186 -39.898579409239346
363.5253432902167 -40.043876945263314
331.01074753749043 -40.15457665704023
8.380651633933542 -40.40049988072108
152.49287093355218 -40.455012117580026
70.09423742337657 -40.75578529494011
199.34454567434963 -40.84693049043278
288.32440661077527 -41.03816200251958
239.86491301774203 -41.08397976372979
51.0253392225079 -41.3243241431231
335.5842840653528 -41.44783875988177
54.107686244928786 -41.47263961475536
2.5408536265901893 -41.56425374944099
292.52306309537016 -41.57582606055819
52.24994736384809 -41.80698127857959
149.2189185556835 -41.823800146383945
102.25061446809175 -41.95085233107071
281.69319517875624 -42.32114284482
378.65383570296353 -42.34621676386936
21.143234440281642 -42.374771335535165
117.35411487795409 -42.56617651405451
11.479659991610756 -42.60492726671558
249.45351145775945 -43.215113999583764
120.26151788018352 -43.30128544596479
0.45818671954905055 -43.4758728040105
1.8660695487088603 -43.479478332505174
384.1020923317831 -43.70068879748518
287.1331211399477 -43.7790716915349
45.94363196932752 -43.87625708916587
177.67647917349362 -44.104931544064506
29.77380610306012 -44.11970297829513
324.75441614873887 -44.22441444905357
70.977288191962 -44.233248395628685
22.667746616235753 -44.380365980989744
25.99168299987341 -44.39441352619135
3.7737924355585433 -44.58587102320339
0.024992002884493665 -44.65468553206298
283.1843846841977 -44.75632206629296
121.1112459782563 -44.849860292716095
343.14019960409803 -44.974429870314474
34.13074527259018 -45.076776857975716
10.096769165335441 -45.122793164077166
109.42331929594143 -45.15114282245471
59.06443348368669 -45.16008837780612
50.33389380937024 -45.202620290874584
115.48804532924522 -45.31913963327617
31.614883648884486 -45.82419212471405
244.9466202709224 -45.825781012154856
78.1000090140427 -45.994137845836825
385.968161880492 -46.25991656037246
290.89025224024994 -46.33130745655087
75.81740608392562 -46.38150318684908
4.548544524977847 -46.77782149500221
180.27564747348097 -46.892777228389626
380.145025208405 -46.89639264120831
14.620321687428794 -46.979405237791326
147.2945343335775 -46.99254857308563
62.83822591924524 -46.99823571306009
169.595731574174 -47.390800045297105
9.197057061493668 -47.39376570244636
360.9844896636265 -47.52314285943695
206.39229048777685 -47.607743736466155
192.03855016444933 -47.66182696469917
10.979819933920883 -47.82659425928778
67.18683442114714 -48.04435902409798
35.013796041175624 -48.11141164540502
6.847808790351264 -48.19097226316514
312.6832787555284 -48.32584628429976
17.294465996069615 -48.41420834841108
98.51014470304587 -48.416495797192994
74.01798187624208 -48.465651331011564
13.37072154320411 -48.50265099845016
137.92253325189236 -48.50723161362714
99.50149415079744 -48.77827114130233
16.344769886458856 -48.88465007420482
188.63963777215818 -49.31518486734569
278.63584015921987 -49.39261200870237
96.41914712837657 -49.54220880918191
105.01639612064238 -50.00178904719663
296.3051861985569 -50.01881209580376
139.63865078329428 -50.055519787054955
367.8239677863496 -50.06058633071613
15.328428435822781 -50.06280722667643
94.24484287742561 -50.141459379629374
45.39380790586866 -50.15645055325564
244.2635055254129 -50.28864257749705
88.58831955790188 -50.384757134362864
28.374253941528476 -50.41060437534953
382.2110307801898 -50.49592562213028
126.50118793367876 -50.54619164743792
251.96104241383696 -50.56978252764359
131.39962049903951 -50.569805716251885
389.74195431605057 -50.664833132945866
43.7859890536329 -50.673974099227955
40.95356206005695 -50.87851068401641
341.91559146275785 -51.214400231673466
82.22368948998415 -51.29154114604447
80.05771590666137 -51.311134515752634
285.2337289207262 -51.338125860785794
76.71711818776738 -51.34487958180444
220.79601481687337 -51.39470613268253
142.9042724935348 -51.57134734537272
348.9216829380442 -51.5778905280657
241.6809985606819 -51.70724683062468
61.9551751506598 -51.73507951138993
112.83056235586074 -51.76964285240057
166.8466112568797 -51.78265786410475
29.307288715882905 -51.94718519322381
122.48580613690345 -52.00503353713035
59.73088689393986 -52.06706110213685
27.77444587230063 -52.12004999420765
209.91616289449047 -52.20984086633852
108.44030051581801 -52.211285767945036
277.23628799768824 -52.242827770347645
240.5563584308797 -52.36835462529001
93.2118400915332 -52.40570674448144
287.8162358854572 -52.419774386603656
341.2241460496202 -52.45722266022377
306.8768034186977 -52.47463780193353
267.3311241878006 -52.53701203318545
156.2749940367389 -52.541612895159716
352.5205313534113 -52.61813780694322
255.55989082920405 -52.65105761675044
106.37429494403321 -52.844549162065256
118.02889895583542 -52.9678109883007
261.1164461371898 -53.10441515556372
248.0289672933433 -53.283037404443895
304.0360457574936 -53.32166306934524
32.85615312548101 -53.37456110594144
87.12212205534492 -53.380308552039516
234.88317377609962 -53.56097595871125
39.13747651711708 -53.60006208074861
98.03529664824049 -53.69049521522735
310.4006758254113 -53.729996338862556
46.62674671483701 -53.73496767139097
30.565219527735753 -53.73551874625224
104.49156406006801 -53.81195103558113
177.0266870984968 -53.88546737066449
273.9873276227041 -54.06125245057162
65.35408754295094 -54.174275238428
110.14808737959174 -54.18681127722784
252.97738386447304 -54.21972403460967
190.15581928048414 -54.26073165988378
236.96584068314075 -54.39770088318454
228.36859169087495 -54.40135590809558
87.76358346271358 -54.4058493131195
317.7649860087088 -54.477108784115465
39.96221261230537 -54.492679950208704
165.96356048829426 -54.52754415154626
151.06832676913604 -54.59213211970351
262.79924099807903 -54.610669055823244
275.8367358361566 -54.61622851621099
213.69828599767717 -54.85466767083121
249.93669018019298 -54.88980415461066
164.18912828349522 -54.90018694798457
359.7682121899145 -54.94946875786019
209.00812012302052 -54.97410134195161
89.40472498546201 -55.0553283714763
86.10578060470884 -55.102626880646994
397.28120851953946 -55.222900169619095
270.4967778865031 -55.232576191462705
38.404377765838596 -55.24465494134646
309.4176570452879 -55.27571463919812
333.75153718715654 -55.28693378264931
127.10099600290661 -55.457725479110074
52.87474743596043 -55.46863746835339
92.41209599922941 -55.48039326449196
40.503706008136064 -55.55882391206824
125.33489446573573 -55.58836643556009
267.95592425991293 -55.63982345041501
215.71430756369298 -55.64399550260941
364.300095379636 -55.80768907124635
182.59157307411073 -56.02674760083431
147.98597974671515 -56.030485196987485
344.77301045921826 -56.03623508043203
289.02418269154106 -56.094037379292764
141.73797902559173 -56.1469141273208
349.9380243886803 -56.16238677553762
47.10992543727056 -56.16417027862656
263.80725178108696 -56.1866319310933
107.9487911257563 -56.21649828147924
123.78539028689713 -56.217906594771684
375.5964806834271 -56.21899626807507
83.58991898100315 -56.32107483230296
90.12949306911231 -56.37036358169394
33.57259054150315 -56.441670266640756
223.70341781910278 -56.444505670166656
173.53613736229585 -56.453783804254265
146.8030249435158 -56.47865668452342
358.07708666139706 -56.49257598410986
385.310039137867 -56.51063574511101
36.04679882706803 -56.551231793198816
171.35350244371674 -56.71905133070165
103.46689194180378 -56.7517914603179
175.4022069110047 -56.94373627540268
320.23919429427366 -57.158846405378476
119.56174179941769 -57.19500826298212
56.77349988594144 -57.20914555067972
41.794959490501576 -57.2563096228912
201.45220458427528 -57.30306406518731
63.879559372765804 -57.34235709327725
107.35731372415663 -57.382129326047455
136.09811704132434 -57.42018244291362
100.35122224887023 -57.425566007203464
68.95293595831802 -57.476814406538914
100.85939297418827 -57.55737514011249
207.108727903799 -57.57014107503534
132.29100193525312 -57.589348741082915
398.7057526839556 -57.61495001524745
124.3768676884968 -57.696913258905504
55.47391573594777 -57.69802604847242
366.0578662491787 -57.73043215789837
320.9389703750395 -57.76767574754117
57.75651866606486 -57.797186259655994
81.63221208838448 -57.81807740198826
256.10138422503474 -57.82574116909664
246.11291373886544 -57.95803986073562
128.54220150257908 -57.97203130157222
270.9383032707958 -57.97872407960233
142.17950440988446 -58.01410463062259
253.71048261575152 -58.028363239108614
395.38181630031795 -58.068214608573385
298.4461677789952 -58.07329964797389
110.79787945458858 -58.12187384876685
149.83538796016768 -58.211778280380436
105.90777755685599 -58.215462543732066
158.5992503049968 -58.26691056346709
257.08440300515815 -58.27728496244796
212.6319605412721 -58.294087623441165
219.86298004251893 -58.30009778818792
180.7421648606582 -58.382889364232994
272.5461221230316 -58.51038576035585
368.9985919219208 -58.578159634020246
152.97604965598572 -58.65527316132876
186.39868818018192 -58.786639146206916
225.50284202678634 -58.832447981903904
305.9937526501123 -58.90452057755894
114.11348517059807 -58.907107571019644
346.89733070440025 -58.91353726540831
60.55562298912815 -59.072897179850656
289.98220946878 -59.08285951018854
317.19016994236546 -59.15126489341531
216.5057209883686 -59.2392927684177
135.373348957674 -59.27931863108697
203.1849834509335 -59.289787108548204
197.67841214871672 -59.30906102648344
210.86585900410122 -59.33792779991088
396.53144843300464 -59.348731469322665
154.8421192046946 -59.36185000953218
331.95211297947304 -59.39755479035879
221.33750821270405 -59.423511467459036
116.63767746193193 -59.4309351685001
111.91418891676263 -59.46246267040851
233.13373357418507 -59.472081564024165
64.75427947372309 -59.54873956129064
229.2433117918322 -59.58239187272276
162.3147280671582 -59.63181724980968
370.9146454763987 -59.795952739439464
214.6563127749161 -59.86699872186093
66.27046098204903 -59.89112549981786
374.67177657670084 -59.897129911009394
231.15936534631007 -59.91956254222458
174.61079348632907 -59.999106063030894
103.95840133186549 -60.00609511051996
393.40744807244295 -60.00615148102664
181.6751996350126 -60.0352550297877
311.96684133950623 -60.05676057457952
129.82512431731644 -60.07693607480085
172.12825453313604 -60.16158635399781
119.08689374461231 -60.16961020479594
160.04878647229742 -60.17138955350447
326.2206136512958 -60.18401288749377
194.92096116379426 -60.202449562097684
172.73639326999205 -60.24948059578327
372.74739235459487 -60.3429328567419
133.1907140390949 -60.34810216099071
136.8811997983718 -60.39197856636462
365.03319413091447 -60.39253712479775
143.59571790667243 -60.45225510651435
354.04504352936544 -60.46676827764171
184.68257064878003 -60.48038466008833
154.07569778290343 -60.5288330802095
144.25384064929744 -60.5305475202839
351.8207552726455 -60.57615332846327
303.14466432128 -60.61117548341457
214.17313405248254 -60.62466675976929
178.84277264143665 -60.62797040284668
323.17158929938756 -60.63772809073098
250.64479692858697 -60.66665869741562
130.35828704551895 -60.70246794683428
300.3039066600759 -60.71088370766903
159.2323810447373 -60.71533985394402
157.44128750468192 -60.72589751292338
350.4961791197673 -60.74788860359414
361.5009910565727 -60.79689042548881
211.93218446050628 -60.80785718865704
376.52118479015337 -60.818879749611234
61.172092393612324 -60.8266214077509
222.81203638288918 -60.84014513361152
330.3359634596091 -60.84069854006852
129.1003562336661 -60.84718298799271
182.1250556869335 -60.88654663208649
161.29005594889395 -61.010525725543424
294.5973993347832 -61.03905171292652
316.70699121993187 -61.09004005366819
243.76366546772306 -61.10551864538464
257.784179085924 -61.129041716288036
222.17890564314868 -61.20818641573314
258.7671978660474 -61.241373258576665
340.5160393012262 -61.303584781974166
391.6413465352721 -61.36030237815905
210.41600295218032 -61.36660189284995
269.87197781439073 -61.40636937700028
167.7379926930933 -61.45465143138609
302.00336285622143 -61.53153168816568
258.21737380258855 -61.60347199101841
140.80494425123732 -61.60554348084806
307.8598221988211 -61.61817153154109
329.6611793817278 -61.621736134720784
200.56915381568982 -61.66716574363426
368.3571305145521 -61.70096778455098
137.4643465323433 -61.704646550806196
375.1299632962499 -61.70664082395936
316.01554580679425 -61.707425977608416
338.2834203768781 -61.72846873189513
347.62209878805055 -61.867268053267594
215.18114483549044 -61.89330310472187
254.86011474843824 -61.91419544900209
355.63620104634487 -61.91461340744663
275.3119037755822 -61.923657225360806
165.39707508957906 -61.94020432674311
323.9963253945759 -61.94651118183424
392.76598666507425 -61.95489738700345
193.02156894457275 -61.95979164598824
279.5772056012025 -62.05517949038184
328.1283365381455 -62.07707859875678
353.062024749242 -62.11173936942532
204.3179542483639 -62.177319220094766
313.51634551834485 -62.18543035140353
390.6083437493796 -62.27840316329505
196.64540936282432 -62.303756221007404
327.3785764516107 -62.38591811827183
322.13858651349517 -62.391067835365504
227.3439195726107 -62.41304444861055
205.55089305733222 -62.44273713452793
259.4086592734161 -62.664400480651814
370.20653872800466 -62.664466439245295
362.4340258309271 -62.673088307989055
367.13252237321194 -62.68150196049155
248.81205005039075 -62.953082162452084
381.53624670230846 -62.9696628049158
399.68044079645085 -62.97280354294019
356.8941318581977 -62.98168029438235
308.53460627670245 -63.02613820553432
334.50962794131954 -63.0351923024562
300.97036007032904 -63.04342717326093
369.7650133437119 -63.103802544210204
297.1965676347705 -63.14539902205913
226.67746616235755 -63.15290963897647
232.3089974789968 -63.30440166130558
163.33940018542242 -63.34412519589492
217.37211042169773 -63.350044523014255
243.28881741291767 -63.382247605553374
282.1513818983053 -63.40616944250845
269.3221537509319 -63.40679858887014
245.4631216638686 -63.415885833870725
262.0744729144287 -63.430699952325824
280.3019736848528 -63.46326098115048
318.6313754420379 -63.48348364875901
371.35617086069135 -63.511895985231234
286.03347301303 -63.5650924665708
299.3125572123243 -63.647195949290996
307.3683128087594 -63.671681800467276
387.20943135708853 -63.70220930141588
392.2411546044999 -63.705991936230475
202.3352553528607 -63.80454305189098
321.672069126318 -63.86826315691991
198.18658287403477 -63.86853994403642
264.54035053236544 -63.90822697670156
356.24433978320087 -64.04392846846584
329.0197179743591 -64.05791788567144
345.7310372364572 -64.09751404879981
302.6864776017309 -64.10711551352689
314.3077589430205 -64.11256905113363
185.6072747555063 -64.13572833173733
265.4733853067199 -64.1596815921336
273.1875835304003 -64.16772487130515
183.26635715199205 -64.17334132932804
198.85303628428792 -64.20328568546186
237.6406247610221 -64.21223911914335
319.29782885229105 -64.23551878648483
373.9803311635632 -64.24550407441079
379.18699843116605 -64.26287538433957
230.34295991874995 -64.29036053189962
235.88285389147939 -64.34923280704787
276.74477860762653 -64.36592348225732
293.66436456042874 -64.46098043952695
388.8255808769524 -64.58705069652338
291.9815696995395 -64.60275313344619
322.63842657118505 -64.60465153163558
343.798322346723 -64.65129199070513
265.0401905900553 -64.6799755524615
295.1638847334983 -64.68803315519074
304.76081384114394 -64.96797009256473
183.9161492269889 -65.18064757455956
377.4875422350205 -65.6043076584232
325.34589355033853 -66.12276838639879
