48.48448559591771 24.550383418369268
72.68507505573574 -15.0184988569235
24.275565468471513 -15.101513153087021
242.40576664433223 -17.41619802414872
5.4149339583069604 -17.81923630620111
96.96064052420725 -22.83162646414028
145.44512612012497 -23.33234545613527
91.54570656590029 -29.009800304071003
311.2587345911123 -30.373207017001686
84.78953511945885 -30.556847448402582
12.171105404748415 -31.36054461396915
193.92961171604267 -31.80400618748312
37.646287011675625 -31.928375093846
19.76867428163449 -33.87827013782779
71.43547491151106 -34.270438186630784
339.37473783616764 -35.505064540564995
95.10290164312656 -35.82679059157851
25.99168299987341 -36.253105519306814
134.61525820351105 -37.50027618467754
234.041776345655 -38.09178923355079
70.977288191962 -38.32091309192464
23.292546688348096 -38.52163224786373
168.39611543571831 -38.598630744089384
18.652364819460438 -39.15959721477035
218.20517718451418 -39.994999716202386
387.85089276445717 -40.16654150903932
8.380651633933542 -40.56549840486466
80.71583864928637 -41.438122319874566
0.20826669070411388 -41.70747645413326
266.6146867717784 -41.791068466502544
238.62364354114553 -41.8321821336551
149.16893454991452 -42.08537439404529
195.55409190353475 -42.292715831068136
152.49287093355218 -42.40027494664852
331.01074753749043 -42.40463322006085
20.376813018490502 -42.42038995884882
52.20829402570727 -42.45463906521946
11.171425289368669 -42.655636748747234
102.25061446809175 -43.15607094318167
199.34454567434963 -43.311483826304034
0.7247680836503163 -43.378467265848094
292.52306309537016 -43.49788816408026
335.5842840653528 -43.91594526729249
54.107686244928786 -43.96609973314986
281.6848645111281 -44.04953733577656
384.1104229994113 -44.1036108031444
10.055115827194617 -44.70286381799019
1.1912854708275313 -44.79046262388101
378.65383570296353 -44.80813206480087
25.27524558385126 -44.891206212601475
249.45351145775945 -45.047899180840574
77.19196624257276 -45.07614888897723
343.0985462659572 -45.094686784054204
42.861284946906636 -45.12795009208592
139.8219254711139 -45.17968728248144
21.143234440281642 -45.291504887816075
147.34451833934648 -45.47060222176351
6.54790475573734 -45.478721623448756
14.745281701851262 -45.71416180912721
4.623520533631328 -45.874215241962986
78.30827570474682 -45.901252859740886
22.042946544123414 -46.05863066806969
177.67647917349362 -46.15538341395396
1.7077868637737337 -46.23517185886114
385.99315388337646 -46.29184567373323
34.12241460496202 -46.391538093239205
120.26151788018352 -46.43196656754166
191.34710475131166 -46.479423668194954
115.62133601129585 -46.57057821693471
3.107339025305379 -46.61419055059928
59.06443348368669 -46.72077166015521
7.0144221429145555 -46.95641149663505
324.75441614873887 -47.01353523192024
109.42331929594143 -47.14405673396285
29.83212077645727 -47.18067964574078
50.38387781513923 -47.26283902038366
10.621601225909808 -47.48366681837655
67.06187440672467 -47.56135412655942
282.6512219559952 -47.62405869688664
288.3077452755189 -48.14897572542179
31.614883648884486 -48.183814665229136
290.89025224024994 -48.272478525075115
180.27564747348097 -48.28868089799639
13.037494838077528 -48.387679378795035
62.83822591924524 -48.40004446373706
137.98084792528954 -48.40252227339545
192.06354216733382 -49.2376492365942
75.81740608392562 -49.54179268596287
74.91769398008384 -50.15838605336317
151.06832676913604 -50.22006151879891
117.33745354269776 -50.245978654777446
206.39229048777685 -50.30103048913071
126.79276130066452 -50.39175512116166
389.71696231316605 -50.501355093708355
244.30515886355374 -50.61451110482766
379.6201931478306 -50.62754527775221
382.2526841183306 -51.22082072960512
17.794306053759488 -51.24370623814789
15.89491383453797 -51.31185873637914
188.63963777215818 -51.35312934154845
36.380025532194615 -51.48353987612353
15.45338845024525 -51.65066988782902
80.13269191531485 -51.771564534249364
16.711319262098097 -51.88416233337455
98.82671007291611 -51.90642382987912
82.22368948998415 -52.373738994233605
333.75153718715654 -52.45573172961975
367.8239677863496 -52.484777753354194
121.16956065165346 -52.6279027016917
85.7892152348386 -52.70548183437716
352.46221668001414 -52.72471845363233
41.0118767334541 -52.8070853042615
88.57998889027371 -52.81585130636691
234.94148844949677 -52.93833496927141
32.6228944318924 -52.96190191653633
255.5015761558069 -52.96883237639056
73.68475517111548 -53.00194212552852
45.41879990875315 -53.08132692136223
106.29098826775156 -53.24570128108805
277.23628799768824 -53.28231054621446
341.27413005538915 -53.30760098019138
177.0933324395221 -53.49608493536629
46.58509337669619 -53.51141792898892
287.0581451312942 -53.541874473633946
104.43324938667087 -53.56150114380068
285.3087049293797 -53.75512544369334
251.96104241383696 -53.75963973045615
108.43196984818985 -53.764728499993794
42.11152486037182 -53.82242059490449
34.813860018099675 -53.89177974224278
26.974701779996828 -53.94516508614449
380.38661456962177 -54.10527360359334
374.8050672587515 -54.11201035763043
166.8466112568797 -54.18143068670175
86.78889535021834 -54.211058812762076
348.9216829380442 -54.25643643297088
223.7534018248718 -54.33082331375443
90.41273576846991 -54.338005897929094
47.484805480537965 -54.34546228650015
306.8768034186977 -54.35518112696932
303.97773108409643 -54.381932122741205
43.86096506228638 -54.414391365087845
40.18714063826582 -54.48762572655347
29.140675363319613 -54.53921799073756
248.0289672933433 -54.56907996640083
164.0308455985601 -54.580793935223674
35.39700675207119 -54.59847292212783
212.58197653550312 -54.61244122730299
95.76935505337973 -54.73804042673108
359.74322018703 -54.84100520006823
287.8162358854572 -54.94508105498765
241.40608652895247 -54.98095594815817
363.63364196938284 -55.126151095358466
83.93147635375789 -55.182938543857404
92.33711999057593 -55.22496618480189
318.889626138511 -55.365166627228746
156.6915274181471 -55.3714755108179
28.16598725082436 -55.408007407222726
337.47534561694613 -55.515829343096925
190.20580328625311 -55.54487181936647
69.21118665479112 -55.63187559579552
267.3311241878006 -55.68328528664142
44.327482449463595 -55.78777787008638
209.91616289449047 -55.788606222085946
278.71914683550153 -55.867049928774286
262.70760365416925 -55.883909234515805
27.43288849954588 -55.9340321545107
253.6021839365854 -55.99279535581392
67.8282958285158 -56.106409196358015
39.004185835066444 -56.188658066003434
216.2558009595237 -56.203540394159404
357.9521266469746 -56.21712929562565
240.5063744251107 -56.256323207599145
344.99793848517874 -56.3166566410682
44.760677166128154 -56.332484164109616
261.02480879328 -56.34629221288668
289.00752135628477 -56.351143736355766
105.11636413218035 -56.35940067395838
395.3235016269208 -56.38463788938995
30.931768903374994 -56.394123690430185
171.52844646390818 -56.4345055708068
63.587986005780046 -56.44169424192294
59.722556226311696 -56.630880183299155
397.16457917274516 -56.63723960092707
93.22017075916138 -56.66593055112772
60.58061499201264 -56.7010879140108
110.01479669754112 -56.706297310212385
50.80874186417562 -56.75220033498196
361.7342497501613 -56.763734239133534
184.6159253077547 -56.87749561095979
41.47839412063132 -56.93887528148653
98.1019419892658 -56.955876705237664
320.81401036061703 -56.98852156174263
229.33494913574202 -56.99467034721467
141.64634168168192 -57.03489417701048
112.83056235586074 -57.03673820628535
103.37525459789396 -57.06193208821738
180.8754555427088 -57.06580720563332
399.0056567185695 -57.08714944624935
35.90517747738923 -57.12846003326075
65.35408754295094 -57.14115761612118
364.300095379636 -57.15951095606616
252.97738386447304 -57.199390182209974
93.64503480819776 -57.20874033040934
275.9616958505791 -57.24832359894871
132.35764727627844 -57.29369744841566
38.57932178603006 -57.32613771379187
309.5426170597104 -57.33953952507711
51.458533939172455 -57.50173731486006
213.69828599767717 -57.55791390514626
384.77687640966445 -57.58166774367888
169.695699585712 -57.59207159755886
69.96094674132593 -57.672590967037216
201.39388991087813 -57.69565127827041
296.3051861985569 -57.772212875970204
257.30100036349046 -57.78739366468943
89.9462183812927 -57.82098213051031
186.45700285357907 -57.90619198446961
310.4006758254113 -57.928898629070055
94.27816554793827 -58.02436070188666
100.12629422290979 -58.06024346947728
61.71358578944302 -58.077289880714204
263.80725178108696 -58.19462675740124
122.49413680453162 -58.24200201207475
124.75174773176421 -58.272366546501495
372.98065104818346 -58.273742709672554
165.9802218235506 -58.28463222193438
207.0170905598892 -58.286420231214954
331.7938302945379 -58.30983625058741
349.9380243886803 -58.34128540379834
371.0729281613338 -58.406956206246655
146.8030249435158 -58.430199843608825
300.2205999837942 -58.44131366084843
246.20455108277525 -58.442357945774745
272.2378874207895 -58.44388880363736
175.32723090235123 -58.454423659995875
167.80463803411863 -58.47025346889962
56.77349988594144 -58.47086145841547
111.780898234712 -58.54228176217214
393.54906942212176 -58.545931786826834
298.3212077645727 -58.57260598440181
173.43616935075787 -58.59038217106039
274.0623036313575 -58.660551659178616
317.00689525454584 -58.67016368126923
208.74153875891926 -58.68926656316776
270.3718178720806 -58.71327920062809
89.27143430341137 -58.71854796357591
101.57583039021041 -58.75137197656924
305.7688246241518 -58.76130229115131
128.61717751123257 -58.95618782426724
219.91296404828793 -58.96510987291461
54.85744633146359 -58.96652112897511
74.47616859579112 -58.99155760559572
100.57615027483067 -59.08700195025426
225.57781803543983 -59.14983530838972
119.47010445550788 -59.22473152890109
315.11583370295244 -59.250937676485535
232.93379755110914 -59.262277563132706
143.54573390090346 -59.32259576939305
330.16101943941766 -59.33493155706052
123.01063819747782 -59.35906759438083
367.36578106680054 -59.426777707660555
58.03976136542246 -59.4832112021903
391.5580398589904 -59.496162448570225
354.22831821718506 -59.51223748660407
243.41377742734014 -59.540502782780095
135.9648263592737 -59.61684594087432
387.20943135708853 -59.71095186796833
197.67008148108857 -59.734509849759185
369.2318506155094 -59.75627950132033
158.4826209582025 -59.77153882138642
205.10103700541134 -59.7842563335436
131.36629782852688 -59.795282754182246
79.56620651659966 -59.79871077204947
85.29770584477689 -59.80316662930519
123.78539028689713 -59.80619974382
154.92542588097623 -59.823097751106125
338.3750577207879 -59.85938006156329
160.3570211745395 -59.89369610561727
182.77484776193035 -59.91114633106603
113.79691980072782 -59.955343307619785
203.42657281215028 -60.01668065488585
307.66821684337333 -60.025661144850794
301.83674950365815 -60.12517490353605
179.03437799688444 -60.17859163504525
236.79922733057748 -60.18812671279694
328.18665121154265 -60.221845063802085
227.49387158991766 -60.25335635364712
214.43138474895565 -60.31868151426309
283.4426353806708 -60.333141539425945
350.54616312553634 -60.338645895570856
326.27892832469297 -60.36291888267914
114.6216558959161 -60.51647070965796
126.01800921124523 -60.52434981539077
346.8390160310031 -60.5474044765923
66.06219429134492 -60.62229413822727
56.05706246991929 -60.62517785748661
396.53144843300464 -60.627258044152235
221.89566294379108 -60.67024039445615
83.12340159382593 -60.714832505765195
322.6300959035569 -60.832417639741486
313.2247721513591 -60.84963609113898
279.74381895376575 -60.87962261372429
162.18143738510756 -60.916070765102496
140.82160558649363 -60.9943718447403
210.7242376544224 -61.04585511898059
268.4807563204873 -61.05409554552754
259.3503446000189 -61.17312737882278
294.68903667869296 -61.25506804186724
129.6668416323813 -61.303071803261965
277.8610880698006 -61.32207715078121
150.0686466537563 -61.3384403750342
264.77360922595403 -61.39652245253446
55.50723840646043 -61.47346517190052
130.54989240096674 -61.660911682377275
200.1276284313971 -61.846206521918894
144.87031005378162 -61.895200639368056
176.09365232414237 -62.18091450358779
170.6287343600664 -62.24285845327186
228.36026102324678 -62.26406270383537
376.4961927872689 -62.296123895753965
356.11104910115023 -62.32579225571957
365.48305018283537 -62.3287099374779
133.3573273916582 -62.681115156378574
231.21768001970722 -62.69180374174076
174.01931608472938 -62.70874514102437
159.43231706781324 -62.739730199098574
219.3798013200854 -62.865185123536314
193.18818229713602 -62.954590556283314
204.4095915922737 -63.313446801870434
135.15675159934173 -63.43547692340926
217.20549706913445 -63.463833131093956
340.3744179515474 -63.5993223082653
268.9889270458053 -63.620044915461
226.47753013928158 -63.650699018664106
300.84540005590657 -63.66772661582564
118.21217364365503 -63.75131744641663
342.0905354829493 -63.804285650722996
172.6031025879414 -63.809817259064154
181.75850631129427 -63.810539447476565
230.70117862676102 -63.814952635622355
225.0613166424936 -63.88132023537482
197.02862007371988 -64.01975524790059
261.90785956186545 -64.05868326773339
215.67265422555218 -64.10600748619397
164.87224302900472 -64.24002873984755
198.77806027563446 -64.48622647427582
239.23178227800153 -64.49895994417511
142.64602179706168 -64.51176387632769
155.52523395020407 -64.54062904497114
211.4073523999319 -64.58028573911893
311.87520399559645 -64.6057225368687
297.72973036297304 -64.61058174445667
235.74123254180057 -64.61550347520587
232.34232014950945 -64.6529266962843
381.6028920433338 -64.73238123367678
294.0892286094651 -64.78664442341517
201.87706863331167 -64.80394188558476
265.94823336152524 -64.88755115449759
183.6079145247468 -64.8948551783058
353.07035541687014 -64.90020863324155
269.52208977400784 -64.9965050043852
375.5798193481708 -65.1507786103174
293.43110586684014 -65.22422752178767
390.724973096174 -65.24735479502247
385.2184017939572 -65.30501253872265
297.1382529613733 -65.36472405595545
397.9310005945363 -65.37259833687541
189.44771253209015 -65.40854602054947
185.6072747555063 -65.41366787309069
388.8672342150933 -65.49094506306719
237.6656167639066 -65.51064938696442
256.6095549503528 -65.61020011276712
332.8934784214556 -65.68028456073544
325.2459255388006 -65.70468208623033
316.03220714205054 -65.72781723735396
207.99177867238444 -65.752046269145
187.52332830998412 -65.76844636710727
308.48462227093347 -65.7911238573924
398.4475019874825 -65.85113275049771
274.895370394174 -65.93990109945086
351.3292458825838 -65.95356424872172
323.50481600451417 -65.9652116751187
371.92265625940655 -65.98016409223943
319.8726449186344 -66.00018916810386
345.67272256306006 -66.00373904155327
271.2715299759224 -66.02554355342316
295.18887673638284 -66.07606854128684
343.93161302877365 -66.17850311206654
286.083457018799 -66.18298492867194
312.5833107439904 -66.19184242300791
394.7903388987183 -66.19272458257909
254.73515473401577 -66.22829538768265
381.0780599827594 -66.29911919592608
291.80662567934803 -66.3298937089448
360.89285231971667 -66.58201578374023
303.12800298602366 -67.07415100953808
329.3112913413449 -67.20247034305847
374.04697650458854 -67.27514485008267
334.784539973049 -67.30525136054798
