48.74273629239081 26.785195397180626
24.533816164944614 -6.9717126627170956
72.95165641983701 -7.982428748006956
243.70535079432588 -11.651179964979505
341.19082337910754 -14.174872397495951
146.22820887717242 -17.326390453562937
5.673184654780062 -17.356022547693446
311.2087505853433 -17.930964405357784
336.5839641807325 -22.46032415297672
97.48547258478162 -22.643724913888217
91.8039572623734 -26.8195284445479
85.04778581593195 -26.95025347739026
71.25220022369145 -27.066319243950186
37.38803631520252 -27.158199549599193
12.429356101221517 -27.745793754386842
194.9626145019351 -28.42603491030646
20.035255645735756 -28.68043684014239
267.9142709217721 -28.930475701200105
219.50476133450786 -29.422318065236055
53.34959549076581 -29.861616931602942
239.10682226357906 -30.304098062099527
44.13587709401581 -30.536238910699286
10.871521254754745 -30.629345806655067
77.55018495058384 -32.0205407021163
168.73767280847306 -32.02604708745156
18.960599521702527 -32.41328993123259
134.87350889998416 -32.79389307446704
365.3997435065537 -34.00589935182552
2.4658776179367083 -34.14464188039142
49.40085903501581 -34.634077547725994
389.9335596714983 -34.78383000952277
23.034295991874995 -35.05036411750901
96.61908315145251 -35.20332759826302
316.9819032516613 -35.737035043481555
8.06408626406329 -35.744727160870035
116.30445075680535 -36.0478601711219
16.469729900881326 -36.12310805303676
27.008024450509488 -36.45165012655742
238.3653928446724 -37.088453060366106
292.7813137918433 -37.252983658251246
22.05960787937974 -37.326879074339594
229.16833578317875 -37.7580912778315
80.45758795281327 -37.87438529552606
48.08461354976581 -38.00717237112175
86.61395133002688 -38.21078148360769
4.598528530746834 -38.2546869661199
152.23462023707907 -38.64556902455252
7.5475848711170865 -38.68338963747339
74.75941129514872 -38.77837182754466
78.58318773647625 -39.10013141161459
21.409815804382905 -39.104210177284465
7.072736816311707 -39.230401153735144
67.67834381120885 -39.49358354444876
281.426613814655 -39.753018813409675
68.34479722146202 -40.14882468364396
360.7928843081787 -40.24885717302574
29.807128773572778 -40.34068872135626
29.140675363319613 -40.36071086298312
74.05130454675474 -40.41340289625445
17.13618331113449 -40.634430828144275
335.84253476182585 -40.781064753502164
200.6441298243433 -40.838558952386855
75.41753403777372 -41.14856603244774
378.91208639943665 -41.15363149374293
81.0157426839003 -41.32830007698916
326.6538083679604 -41.38534440192254
249.71176215423253 -41.4336358887393
147.95265707620248 -41.505513847027494
95.01126429921675 -41.795949605870696
70.47744813427214 -41.840383552005456
120.51976857665662 -41.94916472020241
109.16506859946833 -42.15424504000291
191.2221447368892 -42.17354354217477
287.0664757989224 -42.188162327120274
34.38899596906328 -42.49231239384188
324.49616545226576 -42.498594429206186
312.3833747209145 -42.783714709967626
50.47551515904904 -42.941307910410664
76.07565678039872 -42.999843728218934
0.41653338140822777 -43.16807143833844
99.95135020271833 -43.17525634531746
177.93472986996673 -43.45467924017993
10.130091835848098 -43.49553366741875
98.88502474631326 -43.86584768443432
342.9236022457657 -44.055668664392634
288.7076173216708 -44.06243770182012
16.011543181332275 -44.18696075082727
9.0720970470712 -44.32632574792223
121.65273937408699 -44.33387915523074
20.66838638547626 -44.37514415258105
51.74177663853005 -44.3752809983421
384.4853030426787 -44.50579081948021
45.94363196932752 -44.54546296970804
14.212118973648732 -44.7633219651882
35.45532142546835 -44.86317748232694
1.9410455573623413 -44.958584471808784
26.008344335129742 -44.980592081141
282.89281131721197 -45.1487095065087
63.09647661571834 -45.18993419859665
248.3122099927009 -45.30186509581438
9.63858244578639 -45.31324491035216
67.16184241826264 -45.4618030256507
15.228460424284807 -45.485569020117445
210.2327282643607 -45.52903531800996
92.87861338640663 -45.71136390822685
389.06717023816924 -45.713637574461465
207.40030127078475 -45.85716615900163
166.23014185239552 -45.881178825040706
131.23300714647624 -45.88565865684253
241.98090259529582 -45.90008029074283
280.0187309854952 -46.15672478965697
206.65054118424996 -46.200955290777564
345.79768257748253 -46.22691056641626
195.82900393526418 -46.32238184212108
141.62134967879743 -46.60555203305018
251.6944610497357 -46.69949898441741
244.3634735369509 -46.981578587041206
61.96350581828796 -47.38242206646461
380.3782839019936 -47.42104682604386
18.227500770424047 -47.52876125821417
104.55820940109334 -47.53762638295473
41.33677277095252 -47.64877184254076
221.97063895244457 -47.65432273014486
72.343517682981 -47.7210759721695
340.5327006364825 -47.757621392609046
105.03305745589871 -47.783176371175976
367.5573864222483 -47.85092432304857
298.1296024091249 -48.04009655939228
102.08400111552845 -48.05874972453328
11.88786270539082 -48.05921076057076
38.20444174276265 -48.149470126214055
76.81708619930536 -48.212510566748186
349.17993363451734 -48.35504695782377
133.1907140390949 -48.38957948374864
263.3074117233971 -48.79778490975472
6.606219429134492 -48.80149655402182
228.7101490636297 -49.019426247127676
164.7139603440696 -49.06794162361948
90.41273576846991 -49.083357018468824
165.45538976297624 -49.158758218606465
137.87254924612338 -49.48247416391774
102.75045452578162 -49.51316849133216
81.46559873582119 -49.5273282181244
209.64958153038918 -49.57251794962667
337.24208692335753 -49.5864259910465
192.29680086092242 -49.63181455772817
149.22724922331167 -49.681654355109366
390.7999491048274 -49.68844580910005
105.54955884884491 -49.80093476538715
341.8489461217325 -49.86847879101963
230.67618662387653 -50.027808316957795
307.7182008491423 -50.28517410837867
31.281656943757906 -50.38987540617327
194.10455573623412 -50.44078306086514
167.96292071905376 -50.44604611075645
87.21375939925473 -50.4563744458381
247.5541192385379 -50.56921601668023
122.38583812536548 -50.61499089726741
79.3246171553829 -50.64412539308653
56.148699813829104 -50.69760040838785
269.0805643897151 -50.69805015110226
124.16027033016452 -50.716258929979546
377.77078493437807 -50.7292099154655
52.69147274814081 -50.85635956600344
110.2313940558734 -51.05065103239101
87.84689013899524 -51.105123108289696
31.939779686382902 -51.155191364861054
176.14363632991135 -51.185550079408124
59.272700174390806 -51.20291430176005
32.38963573830379 -51.32260704999581
307.1350541151708 -51.393462565959915
399.5054967762594 -51.462185795120234
197.43682278749995 -51.4987445748489
214.99787014767082 -51.65028280401927
43.45276234850632 -51.7228917259961
82.14871348133067 -51.74043653623963
223.70341781910278 -51.81290234408238
267.07287349132747 -51.86014599952073
319.4561115372262 -51.92566383584191
289.85724945435754 -51.92727450211959
252.71913316799993 -51.947449502712054
36.313380191169294 -51.99782541648594
329.8944380753164 -52.21001567032832
28.340931271015815 -52.28356087795145
235.35802183090502 -52.28406352912666
111.3810261885601 -52.339354030756624
239.76494500620404 -52.55100255852896
40.18714063826582 -52.636910201066094
157.57457818673257 -52.64160826608137
108.43196984818985 -52.6492100085566
265.44839330383536 -52.664350460780554
88.41337553771042 -52.67284754722508
272.52113012014706 -52.83674098266588
143.42910455410913 -52.884401184946405
385.3267004731233 -52.930091857506966
278.47755747428477 -52.939970219181596
310.1424251289382 -52.97431259938165
327.2202937666756 -52.99190111290809
376.90439550104895 -53.02143083676001
360.00980155113126 -53.03245789752501
47.42649080714081 -53.12974972523807
345.03959182331954 -53.20953774719967
39.53734856326898 -53.24274056790721
89.65464501430694 -53.40857874566245
30.2486541578655 -53.45988840109376
208.5915867416123 -53.51661575011972
64.87090882051739 -53.60594310519891
42.986244961329106 -53.61324850263548
205.83413575668982 -53.64398893042719
123.71041427824365 -53.66028680989166
193.23816630290503 -53.69352426633298
33.69755055592562 -53.69869319870156
213.9232140236376 -53.73696964186101
40.81194071037815 -53.785977773942044
53.89941955422467 -53.80965432210036
293.31447652004584 -53.82267005527782
83.24003094062023 -53.8282097741521
30.731832880299045 -53.95558599838471
343.9899277021708 -54.033378140414875
95.86099239728954 -54.118296566618284
45.03558919785758 -54.11905912070546
83.80651633933542 -54.34424444642209
171.53677713153635 -54.37585341673855
375.9546993914382 -54.38054101850818
331.99376631761385 -54.413785497870485
217.69700645919616 -54.52558047135371
350.20460575278156 -54.745178118578075
89.01318360693827 -54.83774128233185
176.81008974016453 -54.84872952458678
255.06005077151417 -54.86070268919761
304.8857738555664 -54.89981418827855
294.92229537228155 -54.967411575683286
61.48865776348258 -54.9682758265123
306.0770593263939 -55.02886290089148
119.38679777922624 -55.02959765791738
255.84313352856165 -55.04794434951115
124.81839307278953 -55.0653608639012
153.62584173098256 -55.079153459161894
58.747868113816445 -55.09283516978854
273.62910891469295 -55.2445164525602
159.2573730476218 -55.26020690898148
321.18055973625627 -55.352339579130536
246.50445511738917 -55.383469628385086
113.43870109271674 -55.62299442608465
164.18079761586705 -55.64313364109962
388.2257728077246 -55.64706174612483
149.68543594286072 -55.64897430108933
392.399437289435 -55.67361101078936
221.19588686302527 -55.69700223677874
56.890129232735745 -55.72892895289046
355.086376982886 -55.735430343834956
115.02985860969618 -55.738102835018225
146.95297696082275 -55.807157753207754
182.0084263401392 -55.80874038021423
172.36151322672464 -55.82541101876299
129.8751083230854 -55.920647490795595
364.5583460761091 -56.00502338951585
52.25827803147625 -56.018652001189935
106.06606024179112 -56.07327248666629
290.74030022294295 -56.12771505588861
338.59998574674836 -56.14558373391978
107.0574096895427 -56.2132381156423
353.3202754457151 -56.23271117453
224.76974327550786 -56.29365455082501
150.83506807554744 -56.319610538626215
127.07600400002212 -56.355484467415884
337.73359631341924 -56.375857567521514
381.91112674557587 -56.39683447972073
396.27319773653153 -56.45043601653463
216.372430306318 -56.47379518979316
126.29292124297466 -56.49671869955079
381.1447053237847 -56.5038523433611
266.38975874581797 -56.50452699837367
218.40511320759015 -56.55731823310456
91.14583451974839 -56.61725238388425
66.20381564102372 -56.669394854171514
103.93340932898099 -56.69019953019571
362.60063918349044 -56.69692287977589
138.82224535573414 -56.7153301106025
65.53736223077055 -56.73232454356858
128.76712952853953 -56.774666340047794
251.1113143157642 -56.82918754414087
117.41242955135124 -56.847973220142826
387.3427220391392 -56.91313179144802
217.03055304894298 -56.9158911672042
129.42525227116454 -56.95080570219809
322.6217652359287 -56.99383622339278
186.8985282378718 -57.01715744249011
125.6681211708623 -57.05915546062878
256.73451496477526 -57.06330367010884
178.49288460105376 -57.09603628019588
103.3669239302658 -57.24006410020318
283.7258780800284 -57.37573930171934
373.28888575042555 -57.38767792934781
328.16165920865814 -57.39415468842907
329.02804864198725 -57.39488108704996
226.244271445693 -57.51780598292754
63.746268690715176 -57.52437428774357
135.9398343563892 -57.56204571420662
64.31275408943037 -57.58989438540459
332.4686143724192 -57.64537442840393
136.5729650961297 -57.67281138573091
151.56816682682592 -57.704268744553
140.97988827142876 -57.707208894333775
300.27891465719136 -57.75447915529249
232.40896549053477 -57.785209484755676
114.1301465058544 -57.80333461157104
199.3528763419778 -57.84376566493944
299.52082390302843 -57.85850702980522
286.3333770476439 -57.905958788559055
275.8034131656439 -57.92626853444432
204.53455160669614 -57.932821523482836
211.4323444028164 -57.954108785939034
189.6976325609351 -57.97778122438907
115.55469067027055 -57.97855444303218
359.48496949055686 -58.010497898317375
54.84078499620727 -58.10872209915803
370.6147414417847 -58.12678286772249
133.72387676729744 -58.183372282078416
118.07055229397623 -58.19158995089705
170.42879833699047 -58.224293000356035
140.2217975172658 -58.243241503354746
215.55602487875785 -58.25028419150015
172.96965196358065 -58.356562853269565
394.2571761705157 -58.458568354495355
339.21645515123254 -58.462257740518965
150.3768813559984 -58.47374367332134
258.4672938314335 -58.50124193952484
257.6009043981044 -58.52015508402599
190.63899800291767 -58.52052931443004
128.2089747974525 -58.52868035052985
248.89535672667242 -58.54149944155833
144.03724329096516 -58.5791310790778
173.56112936518034 -58.742622552335156
243.0472280517009 -58.75330727178709
112.48900498310599 -58.77500002425731
397.40616853396193 -58.775564857730025
187.89820835325153 -58.804509570982304
179.34261269912653 -58.84214274676922
236.30771794051577 -58.85061076481404
270.73003658009173 -58.932608843245795
370.0066027049287 -58.95650767338454
361.98416977900627 -58.964322051455504
182.79983976481483 -59.16396260890601
156.54990606846832 -59.26110388757014
363.8752313305996 -59.3002051978273
226.91905552357431 -59.31375700210651
190.1391579452278 -59.401338392701575
303.31960834147145 -59.41637750389532
269.8469858115063 -59.41981777080766
144.52875268102687 -59.498095232112654
185.39900806480216 -59.50382969763533
60.13075894009176 -59.566969329826655
179.8257914215601 -59.58277077745503
155.4752499444351 -59.69861339480675
334.176401236193 -59.710883468364095
175.1939402203006 -59.73298542903882
241.11451316196673 -59.73433973998055
260.5249687355901 -59.819958078907725
169.68736891808382 -59.92952093849533
354.2199875495569 -59.97387279634851
134.1820634868465 -59.976167536277664
132.07440457692084 -60.00036817162614
356.1943557774319 -60.0575322347237
162.5229947578623 -60.067985676130554
261.1664301429588 -60.14933743050028
275.3119037755822 -60.16131816885626
175.64379627222146 -60.180873157403475
174.5608094805601 -60.18354141395824
264.49869719422463 -60.22844276209221
285.38368093803314 -60.27662613818902
374.1885978542673 -60.31394681600754
252.1943011074256 -60.3410048962398
291.5900283210158 -60.421076785496176
167.1798379620063 -60.497358868011474
355.64453171397304 -60.51370767549596
211.95717646339077 -60.564125976269544
180.99208488950313 -60.594526402572974
315.6573270987831 -60.65874801085001
142.57104578840818 -60.67785758510817
368.9819305866645 -60.67879265111446
279.4938989249208 -60.780519893120264
348.5967869005458 -60.82900520468877
245.94630038630217 -60.84339475094776
202.04368198587494 -60.87198842417582
145.25352076467718 -60.9544188143504
159.99047179890027 -60.960197586156056
366.5077223010996 -60.97169408094184
186.2404054952468 -61.12344138861872
154.80046586655376 -61.16173567913398
284.667243522011 -61.220447771985484
203.4432341474066 -61.23728883509046
295.83033814375153 -61.32066784285572
234.35001104789708 -61.35123829212296
250.16994887378158 -61.35146246177029
347.58044544990975 -61.35454216046335
261.83288355321196 -61.358422606399664
259.9834753397594 -61.46950452047931
161.9148560210063 -61.476645237062
198.3448655589699 -61.51839154791452
372.37251231132745 -61.53309233294359
196.98696673557907 -61.562705094922045
314.5160256337246 -61.564539477124335
287.84955855596985 -61.61056694837763
155.9667593344968 -61.616252419453794
296.99663161169457 -61.62228520277088
298.5627971257895 -61.626306483424536
188.88955780100312 -61.66142785103452
231.94244810335755 -61.66716887548108
318.4647620894746 -61.67957780566644
302.56151758730846 -61.709442531662965
317.63169532665813 -61.721587930926
253.5771919337009 -61.78970139523523
382.99411353723724 -61.79602115731273
308.2513635773449 -61.8004932346735
313.69962020616447 -61.80157088017588
237.2907367206392 -61.846460151329474
233.01710422739077 -61.874403613495446
315.1741483763496 -61.94585953360865
346.5391119963892 -61.96624923090324
235.79121654756958 -62.109673081832945
245.18820963213918 -62.1609113885342
395.4401309737151 -62.17297914273223
301.5951601424414 -62.20830648083901
201.43554324901893 -62.28266645620829
340.08284458456166 -62.363875967493165
184.4493119551914 -62.365273745458616
351.795763269761 -62.37102339103536
237.7572541078164 -62.42764388313268
276.5365119169224 -62.4939761421509
302.0200241914778 -62.517578850462066
386.51798594395086 -62.58715372129232
398.65576867818663 -62.621153975096405
161.30671728415027 -62.62288815852787
308.8844943170854 -62.73893709489147
352.2456193216819 -62.785484768925265
304.31095778922304 -63.05145936719617
371.05626682607743 -63.06161990245346
358.31034535498566 -63.075624721801184
278.02770142236386 -63.096083447276555
375.52983534240184 -63.129687511650026
228.15199433254267 -63.14958140106427
357.8271666325521 -63.3143449340677
391.65800787052837 -63.35008307575682
277.27794133582904 -63.468804052356205
325.91237894905373 -63.50206341456866
346.98896804831 -63.64336942697761
323.7297440304746 -63.75153281595038
303.81111773153316 -63.82557318363529
350.77109115149676 -63.846635229133426
356.81915584954425 -63.90205879410322
271.8879993804066 -64.21369302682463
393.64070676603154 -64.5014346459911
