48.617776277968346 24.697555695804454
24.400525482893983 -9.575326663359787
72.84335774067087 -9.961534973778848
243.10554272509805 -14.417082465462018
5.556555307985758 -17.075866751237697
145.86165950153318 -20.010954877474393
311.1587665795743 -21.13163148546366
340.3494259486629 -21.643116233027047
97.24388322356485 -22.001915339143334
28.65749664088607 -25.902903337601376
91.68732791557909 -26.55132898590487
84.94781780439396 -28.639470705067822
194.4877664471297 -29.087889730605454
12.296065419170883 -29.196467087481466
37.51299632962499 -29.38157513094309
19.910295631313286 -30.071783799668324
218.88829193002368 -30.980789518900462
71.29385356183226 -31.285691413200013
337.7419269810474 -31.380156049685326
267.3227935201724 -32.78877132391799
19.427116908879743 -34.222619398453524
21.801357182906642 -35.16996908179206
9.921825145143986 -35.20973345862268
168.5377367853971 -35.225767743643324
134.75687955318983 -35.49896624242528
388.9755328942594 -35.696103535627365
34.32235062803797 -35.776908956114
95.8943150678022 -36.66862016390812
0.45818671954905055 -36.78656646733584
27.008024450509488 -36.78949274084403
23.1509253386693 -37.28628564605781
77.21695824545726 -38.1621764828524
70.23585877305537 -38.41492688567323
238.4820221914667 -38.7342446346181
75.44252604065821 -38.84759114377929
80.57421729960758 -39.038340416802605
195.42080122148414 -39.5733531223616
152.35124958387337 -39.7203213240529
14.112150962110757 -39.75512540488396
335.72590541503155 -40.56977614455499
7.780843564705695 -40.62226779368804
281.5515738290775 -40.92655860279728
200.04432175511545 -41.097050042656555
316.13217515358855 -41.12629199452103
240.49804375748255 -41.21754393323802
148.56912648068666 -41.31300101666964
116.67100013244459 -41.41757553557836
74.36786991662498 -41.48203996184527
292.664684445049 -41.612911111739216
51.22527524558385 -41.71402636086217
105.93276955974048 -41.751567556104895
364.5666767437373 -41.96189197249992
249.59513280743823 -42.157790787151676
62.921532595526884 -42.647954854568034
107.16570836870883 -42.716722636876675
378.7954570526423 -42.759530157128154
177.81810052317243 -43.03406619049707
120.39480856223415 -43.41975836495195
15.661655140949364 -43.616940811727225
245.71304169271355 -43.636532057991225
343.05689292781636 -43.998715086645426
324.61279479906005 -44.043413179216294
25.22526157808227 -44.25645355933597
46.018607977981 -44.425015730570266
98.7850567347753 -44.426233956778795
1.349568155762658 -44.44141446127569
121.46113401863921 -44.589861080474954
381.1447053237847 -44.65846265899353
286.9415157844999 -44.67014099758194
4.548544524977847 -44.732633586965925
2.6074989676155056 -44.895646534138756
8.930475697392403 -44.9160103215703
38.5210071126329 -45.01809702284934
51.86673665295252 -45.28274880987997
9.446977090338605 -45.33473813385743
78.23329969609334 -45.46995175839529
11.696257349943036 -45.48048836109265
25.725101635772145 -45.632202368550395
157.45794883993827 -45.91187614292195
87.13878339060125 -45.92163706949949
384.1853990080648 -45.92467475814285
109.28169794626264 -46.03680429351062
3.4905497362009488 -46.059484411426844
387.6176340708686 -46.08189704145098
11.188086624624997 -46.082533822633046
83.13173226145409 -46.16589188882653
56.856806562223085 -46.313464222495575
280.09370699414865 -46.40516974656379
131.25799914936073 -46.4630228773971
72.01862164548258 -46.50150527412344
16.719649929726263 -46.529133959131094
60.214065616373404 -46.56666409792201
291.73164967069454 -46.65064832642838
165.83026980624362 -46.87628231568281
135.3316956195332 -47.239587259514735
94.92795762293511 -47.403286834065376
58.72287611093195 -47.45464055578186
35.1137640527136 -48.046900209681205
377.25428354143185 -48.06828703335708
6.872800793235758 -48.137738677280076
361.9675084437499 -48.31953012932264
206.5255811698275 -48.55123432253898
18.06921808548892 -48.575692685658574
191.23880607214554 -48.701684798269184
254.7018320635031 -48.707230277542216
67.12018908012182 -48.72174961825366
26.474861722306954 -48.88273702442942
297.2882049786803 -48.95430683479376
105.14135613506485 -49.12530294123611
390.32510105002206 -49.14391454210241
228.5018823729256 -49.21163453345369
251.81942106415818 -49.25759614445965
73.90968319707594 -49.54093178062853
73.47648848041138 -49.57003276422034
313.524676185973 -49.582055198042696
183.2080424785949 -49.648246487474076
170.07891029660755 -49.78082874362496
379.79513716802205 -49.80539896985736
332.52692904581636 -49.997488872601146
111.35603418567561 -50.0321023786146
69.49442935414872 -50.040353689179966
367.6823464366708 -50.156733428976246
137.99750926054585 -50.20378613243429
109.76487666869617 -50.351192022371656
149.11061987651738 -50.37736935900332
35.913508145017396 -50.420644346762515
221.49579089763918 -50.43392224901411
279.43558425152366 -50.439512897508244
62.08013516508226 -50.48134363706615
209.77454154481165 -50.54348880949129
192.17184084649995 -50.59377286825141
232.57557884309804 -50.595188874446286
70.76069083362972 -50.605287368419546
102.9670518841139 -50.64436419764663
99.85138219118036 -50.68330022511208
193.12986762373887 -50.78081382129176
288.4826892957104 -50.88813829403801
242.3641133061914 -50.901868090280686
31.89812634824208 -51.10339009630518
351.94571528706797 -51.27425819988113
115.90457871065345 -51.28283130308083
85.54762587362181 -51.51851525059598
81.58222808261549 -51.592770720831474
101.79242774854269 -51.63175259714806
166.7049899072009 -51.635256445662094
29.265635377742083 -51.650329328706256
160.16541581909175 -51.67137554082802
94.45310956812972 -51.82508025972735
134.1320794810775 -51.88683348388622
349.06330428772304 -51.9285057591253
267.9392629246566 -52.044503400520476
102.45888115879586 -52.27447125686741
67.97824784582276 -52.28429710698305
27.749453869416133 -52.3298122706315
307.0184247683765 -52.350625275258835
203.17665278330534 -52.37223076933401
316.5653698702531 -52.65049434231586
310.2590544757325 -52.6687711015932
235.24139248411072 -52.6848927902013
359.77654285754267 -52.71244750509661
263.9488731307658 -52.75351933338262
365.18314614822145 -52.75454561038601
61.330375078547455 -52.77535136147372
88.31340752617245 -52.92885712398248
107.77384710556485 -53.002611268152926
117.26247753404428 -53.01408918305406
64.5876661211598 -53.01663315293367
253.21064255806164 -53.02006412100075
214.398062078443 -53.045166947481455
394.09056281795245 -53.08269044076323
286.1750943627088 -53.107175991745784
32.54791842323892 -53.1619811349993
164.36407230368667 -53.25479249875293
301.64514414821036 -53.2956412525094
190.43073131221357 -53.495177243284665
208.97479745250786 -53.60331760360325
31.47326229920569 -53.617115665412825
350.4545257816265 -53.641715198240036
36.92984959565347 -53.67352043741706
53.69115286352056 -53.722972507821254
156.9747701175047 -53.77147091758028
106.59922296999365 -53.77674603124729
287.6746145357784 -53.802542058674824
49.53414971706644 -53.841670899243645
122.67741149235124 -53.91677833676628
40.337092655572775 -53.93633010371742
320.38914631158065 -53.98582722318463
155.78348464667718 -54.083274580494674
92.59537068704903 -54.120163386611836
231.51758405432116 -54.18456752290371
89.74628235821675 -54.33584975742125
30.656856871645562 -54.363205917754875
257.4092990426566 -54.38209784048238
262.5326596339778 -54.46888825126718
214.90623280376101 -54.52416268948405
161.83154934472464 -54.6184937519352
79.64951319288132 -54.65777703753744
270.6633912390664 -54.68459276479552
326.05400029873255 -54.743857595872186
263.04916102692397 -54.816881253389205
76.27559280347467 -54.85718489589316
98.21024066843194 -54.924602335081666
285.25872092361067 -54.96204375900951
43.65269837158227 -54.97990033755628
135.94816502401738 -55.00874020862458
46.63507738246518 -55.03006679033607
260.4833153974493 -55.04430429830936
146.66140359383698 -55.073524392364185
318.739674121204 -55.16120904948307
247.67074858533223 -55.18253868904102
41.0368687363386 -55.27459244568113
233.00044289213443 -55.27527114349488
175.06064953824995 -55.29522210237676
373.3055470856819 -55.31461958209653
100.7344329597658 -55.31909130082815
68.93627462306169 -55.33955817974559
398.8890273717752 -55.3755498724272
224.1282818681392 -55.42514939939637
44.269167776066446 -55.50295257437515
328.761467277886 -55.561937236412824
143.26249120154586 -55.56274884659344
156.39995405116136 -55.60065796995516
184.5659413019857 -55.66090106684923
266.2981214019082 -55.731308687404784
78.82477709769302 -55.74669045603978
33.14772649246677 -55.780969819424875
47.24321611932119 -55.812781844216566
125.50150781829902 -55.81594713567426
259.0671019006613 -55.82715526481015
213.93987535889394 -55.931143046912176
269.6970337941993 -55.97526399171026
253.6438372747262 -55.97743177951063
113.96353315329111 -56.00168443464106
248.520476683405 -56.0781373466003
272.29620209418664 -56.12857930326607
90.92090649378795 -56.19854150879873
93.22017075916138 -56.23901925487752
206.08405578553476 -56.262120893551916
365.9662289052689 -56.36257768030044
299.09595985399204 -56.47328732738441
43.05289030235442 -56.53293255135435
363.542004625473 -56.57349298206784
382.03608675999834 -56.60898735046751
174.4608414690221 -56.62241883523859
211.4073523999319 -56.65603004954039
147.51113169190978 -56.78752940245304
45.56042125843195 -56.83829576329913
256.3513042538797 -56.89066265161667
199.11961764838918 -56.89191261305124
204.40126092464553 -56.8937233720354
201.85207663042718 -56.91120305994767
128.84210553719302 -57.01983587365286
344.91463180889707 -57.047625647385814
331.16903022242553 -57.055610300771
283.9008221002199 -57.09629269067142
386.3680339266439 -57.10577351407405
336.29239081374675 -57.13468877114724
179.8924367625854 -57.1474026173226
395.740035008329 -57.18871983406651
83.61491098388764 -57.248841513699176
251.2279436625585 -57.2576068780481
258.33400314938285 -57.262557215176734
132.62422864037973 -57.39234594545069
264.72362522018506 -57.39571187599742
127.90074009521041 -57.42305683862512
90.37941309795725 -57.53638946478143
219.9879400569414 -57.62856413257749
124.8017317375332 -57.67716062102064
282.5512539444572 -57.736531245329246
52.958054112242074 -57.74127256558361
176.89339641644617 -57.761691698040586
205.0177303291297 -57.76223117674351
42.13651686325632 -57.77286832482961
151.27659345984014 -57.81941415105941
290.3737508473037 -57.83378532630743
162.88954413350154 -57.8561893069898
223.39518311686072 -57.86240918063629
359.0017907681233 -57.89149963034541
367.17417571135275 -57.96371624333212
181.52524761770565 -57.97396296238356
207.42529327366927 -57.98056126894906
385.9265085423512 -58.0356350340386
250.20327154429424 -58.038290719898875
65.62899957468036 -58.05985613937505
159.09909036268667 -58.084946670374585
350.88772049829106 -58.08549968498716
354.65318226622145 -58.11103066959044
216.28079296240819 -58.22840091029823
113.20544239912815 -58.26409810846849
112.29739962765821 -58.303806015801946
126.70945462438289 -58.335379075667554
271.71305536021515 -58.436342327311884
140.06351483233067 -58.48265677421919
129.79180164680378 -58.500817528569485
180.8587942074525 -58.51082481142341
142.07953639834648 -58.540580140862936
333.26002779709484 -58.543020910864804
56.115377143316444 -58.554226698460106
306.1187126645347 -58.57723804179623
64.09615673109809 -58.61354538490653
136.9978291451661 -58.657497302860634
127.20929468207275 -58.6641554476408
150.76009206689395 -58.73913339472745
50.033989774756314 -58.78768824435062
370.9063148087705 -58.8141106743556
188.76459778658065 -58.83434667359009
321.37216509170406 -58.847979394669785
341.39075940218345 -58.85138083775842
236.04946724404266 -58.85918993585509
374.67177657670084 -58.881317262387654
119.5367497965332 -58.90731598524857
210.3077042730142 -58.92390142641225
217.36377975406958 -58.94632700245779
196.82035338301577 -58.96086210270158
314.4410496250711 -58.96147371321115
317.2984686215316 -58.96251654591865
375.34656065458216 -58.986626655044915
93.85330149890187 -58.99796559380235
393.03256802917554 -59.06067696834274
314.91589767987654 -59.083388509287744
119.03690973884332 -59.08958629493463
396.3898270833259 -59.12409111936827
315.51570574910437 -59.19596539890656
233.9251469988607 -59.1965150574814
225.02799397198095 -59.202197628670184
59.37266818592878 -59.20236235233143
216.9055930345205 -59.22387189449984
325.4292002266202 -59.22679899135085
257.84249375932114 -59.23944095379509
133.39065006217086 -59.291107501794954
155.00873255725787 -59.30851798530165
164.8972350318892 -59.41256730044406
399.5054967762594 -59.41923173287912
384.9351590945996 -59.44400379978352
187.7232643330601 -59.45588788545925
295.955298158174 -59.479323103146946
296.85501026201575 -59.50370132804063
303.3279390090996 -59.558352274334446
66.1871543057674 -59.564343318505315
357.36064924537493 -59.61478622758394
327.1119950875094 -59.61840151002685
277.1363199861502 -59.639170301010495
308.65123562349675 -59.68141775227082
294.7306900168338 -59.68148367666524
330.1943421099303 -59.77663229580518
383.2690255689667 -59.785772670250026
203.9597355403528 -59.798708660081594
353.32860611334326 -59.878422765027615
300.9120453969319 -59.92268775732808
124.13527832728003 -59.92932972162248
179.26763669047307 -59.95800641025994
218.2551611902832 -59.99757864406846
114.75494657796675 -60.00338054077664
194.02957972758065 -60.132751680776046
293.63104188991605 -60.154911428302306
322.2718771955458 -60.159045721573996
183.65789853051578 -60.2288488989762
141.5130509996313 -60.23356811043089
122.10259542600788 -60.24704267397337
317.73166333819614 -60.25984513693368
170.71204103634807 -60.30362943477911
150.22692933869143 -60.457195224798284
181.96677300199838 -60.512856962924694
342.1321888210901 -60.532618209081896
275.0369917438528 -60.544712044766264
152.9593883207294 -60.55438370418015
230.4012745921471 -60.57301483152482
142.57104578840818 -60.575469182714016
153.95906843610913 -60.64675742333168
339.2331164864888 -60.67981973735713
333.6932225137594 -60.68878044575339
391.3081198301455 -60.70468828386739
269.02224971631796 -60.7421894221904
54.89909966960442 -60.75550186564714
302.5032029139113 -60.757885927126246
140.74662957784017 -60.77319087092231
254.21865334106957 -60.87828765323258
172.42815856774996 -60.88934486448441
158.5742583021123 -60.89125557978442
144.27050198455376 -60.94122298272857
138.77226134996516 -60.978395819220594
215.53936354350154 -61.01529798344976
397.3811765310774 -61.051453008457266
158.00777290339713 -61.11755344639372
348.48848822137967 -61.12767755837286
225.536164697299 -61.1573782460903
148.0193024172278 -61.15869428098129
189.3644058558085 -61.18154857864928
371.54777621613914 -61.23083200169355
366.55770630686857 -61.29708587770076
237.96552079852052 -61.29736885364593
161.09845059344616 -61.29795652956443
346.1559012854936 -61.32505785235305
307.96812087798725 -61.33510404912776
149.65211327234806 -61.335858770723775
229.86811186394456 -61.40379234102381
176.31858035010282 -61.460050276701224
274.3038929925743 -61.51235047596278
226.1026500960142 -61.54942680462756
185.49064540871197 -61.55334958801338
379.2453131045632 -61.579031697098095
186.08212281031166 -61.63056250642893
144.8036647127563 -61.64485440997989
304.0277150898654 -61.64499240843827
118.56206168403794 -61.65220077500256
202.31026334997622 -61.666039068868635
376.0046833972072 -61.706823884167896
167.57137934053003 -61.72574848606911
398.15592862049675 -61.7925815529612
329.2363153326914 -61.81710409678025
238.94853957864393 -61.837220237710994
197.27854010256482 -61.8732881552884
201.2772605640838 -61.99792657250354
323.62977601893664 -62.028295496767356
328.1783205439145 -62.05242592155119
210.88252033935754 -62.1004122007873
275.4951784634018 -62.17528423813212
227.12732221427842 -62.203739606746446
222.02062295821355 -62.206383534803656
197.86168683653634 -62.20841836116434
205.50090905156324 -62.254372314805835
347.43882410023093 -62.28954905095457
208.1167386868069 -62.290629750129874
211.9238537928781 -62.35752545294911
173.1945799895411 -62.38219610082408
370.37315208056793 -62.44394261166846
259.55861129072304 -62.558925160277546
281.0267417685031 -62.573689873339696
227.63549293959647 -62.63269665503278
362.9255352209888 -62.647506339640096
368.9486079161518 -62.70814555084474
355.75283039313916 -62.82825420630824
178.73447396227053 -62.845151475849775
246.29618842668506 -62.93676887839636
361.1427723485616 -62.95708976630035
273.66243158520564 -62.98630733263608
246.87933516065658 -63.11916244590392
297.96298905656164 -63.18719872754059
322.83003192663284 -63.254832198885246
255.2433254593338 -63.26556422041827
244.75501491547462 -63.27475144103706
392.2494852721281 -63.31184045500158
390.7582957666866 -63.44054280113189
309.59260106547936 -63.53502612995835
187.12345626383222 -63.57760668111056
276.06166386211703 -63.580848163995
331.94378231184487 -63.71737143610727
239.40672629819298 -63.74917346687948
278.19431477492714 -63.86382516546221
338.57499374386384 -64.03399492861469
299.854050608155 -64.353346554825
265.6150066563987 -64.40096790505463
360.4263349325395 -64.53850201047811
304.6941685001186 -64.61537445033083
312.51666540296515 -64.69417289541671
334.176401236193 -64.71489399277847
369.8483200199936 -65.000069412791
372.10593094722617 -65.01831152213092
305.3522912427436 -65.10080169187515
356.64421182935274 -65.10514930691782
