48.48448559591771 25.048357802101638
24.333880141868665 -7.540049129553576
72.63509104996676 -7.845163901393803
242.40576664433223 -14.766845583395707
5.4149339583069604 -17.465005065322185
145.44512612012497 -19.26572068862381
339.37473783616764 -22.278740669062532
96.96064052420725 -22.794449596342446
311.30871859688125 -24.18436763781931
91.54570656590029 -27.25099205800737
84.7062284431772 -27.525380512136255
12.254412081030061 -28.459828796348408
37.646287011675625 -29.855008328924658
193.92961171604267 -29.999721423575902
218.2551611902832 -30.158829370657674
266.55637209838125 -30.50773688740327
19.76867428163449 -31.398469474168667
336.83388420957743 -31.498594829733175
71.43547491151106 -31.515197322638567
21.793026515278477 -32.5311902387399
168.4044461033465 -34.76341802274033
134.61525820351105 -34.92050873403715
95.08624030787023 -35.33788802494905
234.041776345655 -36.00048185023409
18.89395418067721 -36.26200032085591
23.292546688348096 -36.58683960482182
75.16761400892878 -36.68574043811848
20.418466356631324 -36.92071021496056
387.85089276445717 -37.260157587850934
26.86640310083069 -38.58773956072071
2.5408536265901893 -38.70313107981004
238.62364354114553 -39.02355011375362
80.71583864928637 -39.20138899498624
363.5253432902167 -39.40665762612888
77.19196624257276 -39.57775969925489
315.2241323821186 -39.65641191288387
42.861284946906636 -39.815904144339385
195.55409190353475 -39.91882681431085
8.380651633933542 -40.350716071964854
70.09423742337657 -40.425802233164454
152.49287093355218 -40.46556482506992
331.01074753749043 -40.69604511368656
239.8732436853702 -41.03038838622922
292.52306309537016 -41.06634900850875
199.34454567434963 -41.092454723961765
335.5842840653528 -41.32475776339404
51.01700855487974 -41.349177625536434
102.25061446809175 -41.50770078598041
54.107686244928786 -41.84183842033096
149.20225722042719 -41.8588901047161
78.07501701115821 -42.40843670453952
281.6848645111281 -42.44532589930373
52.23328602859176 -42.498055952540014
1.7161175314018984 -42.961755992145186
249.45351145775945 -43.05382691862204
378.65383570296353 -43.14265166855347
70.977288191962 -43.43686481252316
177.67647917349362 -43.65571720895918
21.06825843162816 -43.6644044386238
117.37910688083858 -43.69257450334721
324.75441614873887 -43.91057945423251
0.058314673397151885 -43.92130847263733
384.1020923317831 -44.04621674323477
120.26151788018352 -44.11199556017232
25.99168299987341 -44.34880152439914
10.238390515014238 -44.46249157081834
29.77380610306012 -44.51935185677063
45.94363196932752 -44.58412703667912
9.122081052840187 -44.791847915287896
191.38042742182432 -44.79214951690864
121.1112459782563 -44.79310501559272
31.614883648884486 -44.96724690052624
244.9466202709224 -45.02099648487274
34.12241460496202 -45.09051342500491
343.13186893646986 -45.12483421913435
59.06443348368669 -45.22444152879978
0.9830187801234175 -45.293995356375326
109.42331929594143 -45.51009151399219
115.48804532924522 -45.52086399062242
290.89025224024994 -45.66161504964693
288.34939861365973 -45.669594974960496
287.15811314283224 -46.09385624064094
50.35055514462657 -46.11671695037611
180.27564747348097 -46.285512896088626
385.9764925481202 -46.374660136638965
11.487990659238921 -46.388089166231715
4.098688473056961 -46.40763986932796
7.031083478170885 -46.539108188561336
147.31119566883382 -46.5736179652377
99.50149415079744 -46.603547519315235
62.83822591924524 -46.66010972477566
283.08441667265976 -46.771797626494354
16.35310055408702 -46.80377180370787
360.9844896636265 -46.96123573511334
169.595731574174 -47.217141805661925
14.745281701851262 -47.369707215196115
75.81740608392562 -47.41016197197214
9.67190511629905 -47.45957760734797
206.39229048777685 -47.59736983473667
137.9391945871487 -47.71031741246302
312.6832787555284 -47.962643764755995
67.18683442114714 -47.96692844655158
380.05338786449516 -48.24407890885933
74.00132054098574 -48.31210520922625
278.63584015921987 -48.60639438199971
188.63963777215818 -48.6144241382576
13.145793517243668 -48.630200591412255
14.312086985186706 -48.92896952365763
17.07786863773734 -49.15742947056498
296.3051861985569 -49.52589349059131
382.22769211544613 -49.5389022815849
126.50118793367876 -49.8979458576621
35.030457376431954 -49.954804697885095
389.7336236484224 -50.03754605316993
367.8239677863496 -50.084704801494325
244.28016686066925 -50.14668721750875
220.79601481687337 -50.207694865043926
98.51014470304587 -50.213023120823486
251.96104241383696 -50.21985258652578
192.04688083207748 -50.35270714035854
15.261783094797465 -50.42086134837973
80.08270790954587 -50.50590293595095
304.0193844222373 -51.00304862869442
59.73088689393986 -51.120552523600544
348.9216829380442 -51.186434335896486
285.25872092361067 -51.419881759453176
341.9072607951297 -51.540531874154794
241.6809985606819 -51.554252485054036
88.58831955790188 -51.62371325207844
306.8768034186977 -51.82947590705234
82.22368948998415 -51.86534546320971
209.91616289449047 -51.88010956421474
106.34930294114871 -51.898211834820394
341.2408073848765 -52.10100994074046
94.24484287742561 -52.14397178209498
92.09553062935916 -52.32631016291265
156.2749940367389 -52.35192028698106
89.93788771366454 -52.38034653443378
139.8219254711139 -52.43402039786645
255.53489882631956 -52.49646508605027
40.97855406294145 -52.551443572044036
32.63122509952056 -52.61613386654688
118.02889895583542 -52.64542162705349
45.2188638856772 -52.80101453358849
352.503870018155 -52.955924447101296
122.48580613690345 -52.975154434573234
166.8466112568797 -53.00511823259419
261.1164461371898 -53.03032706758925
104.46657205718353 -53.232433053362605
333.7432065195284 -53.32559988701214
247.81236993501102 -53.40955861870267
213.69828599767717 -53.41339703042331
317.7566553410806 -53.54734577690585
240.53969709562335 -53.54927764650966
277.23628799768824 -53.55039823221055
93.22850142678953 -53.55264617430479
163.97253092516294 -53.55346172592541
61.9301831477753 -53.57622284953495
310.4006758254113 -53.57736984304339
142.9042724935348 -53.58966217957589
234.89983511135597 -53.61620238592869
104.99140411775788 -53.656788334966706
152.9593883207294 -53.7114121104681
38.99585516743828 -53.80415961169016
87.76358346271358 -53.83994603069201
212.8152352290917 -53.85596574318967
65.35408754295094 -53.91827257105488
40.195471305893975 -53.9307469882622
27.882744551466764 -53.96913801186084
151.06832676913604 -54.00760965242248
274.01231962558853 -54.013270974792924
287.8162358854572 -54.02515970506988
46.61008537958069 -54.045993919663225
28.399245944412968 -54.05250763478145
309.4176570452879 -54.07986844733745
33.514275868106004 -54.10541423391914
30.781816886068032 -54.13951534410044
112.83056235586074 -54.38797039695547
110.33136206741136 -54.58023794179795
236.78256599532114 -54.624961081622665
223.9366765126914 -54.64406275111255
83.82317767459175 -54.73281321078778
359.7848735251708 -54.736081189041506
275.8783891742974 -54.736772600644144
252.97738386447304 -54.74133886131134
67.77831182274682 -54.802688265828344
177.04334843375312 -54.81598384353998
79.26630248198575 -54.94139459688455
190.17248061574045 -54.94194219781118
86.72225000919302 -54.96437273405035
87.2887354079082 -55.09077244332323
100.22626223444776 -55.22240406415201
344.77301045921826 -55.229680417200065
82.64855353902055 -55.32526369436183
249.92002884493664 -55.38335895104612
55.948763790753155 -55.38895982105303
52.90807010647309 -55.46184019640796
364.300095379636 -55.4833483282249
47.284869457462015 -55.56743422736063
180.783818198799 -55.68635570333544
267.3311241878006 -55.6981663000952
358.07708666139706 -55.749090354488
64.87923948814556 -55.76762899444322
298.40451444085437 -55.924116187269526
289.0158520239129 -55.94908246152314
36.455001540848095 -56.00269305317581
83.14839359671042 -56.07293165824115
85.42266585919934 -56.16681476595638
108.85683389722624 -56.18805988437466
44.69403182510284 -56.45742148835058
396.53144843300464 -56.605598470131234
220.20453741527368 -56.629054874643764
107.23235370973416 -56.65050635135692
209.00812012302052 -56.67484669262967
215.72263823132116 -56.700590568988424
111.70592222605852 -56.71844340840849
165.93856848540977 -56.73423354464512
253.6688292776107 -56.77560171989444
385.31836980549514 -56.924514548430956
147.98597974671515 -56.94219186667863
171.41181711711388 -56.94789890245863
263.80725178108696 -56.96063666859155
317.1485166042246 -56.972696551497684
127.10099600290661 -57.05707631328343
81.1573640335791 -57.059566274718975
246.1462364093781 -57.17024082535977
225.50284202678634 -57.200222089144205
146.8030249435158 -57.239177257141705
384.77687640966445 -57.248705312403864
182.65821841513602 -57.2656854329397
201.43554324901893 -57.28151676305575
119.47843512313605 -57.3202399346838
349.9380243886803 -57.34757434513438
154.78380453129742 -57.358492987352484
397.23955518139866 -57.3625719892864
66.36209832595884 -57.365434363380984
86.10578060470884 -57.410852132881466
346.8806693691439 -57.44283828549089
41.62834613793828 -57.504399853077956
175.4022069110047 -57.55916280966105
113.28874907540978 -57.628274656808536
101.57583039021041 -57.66751282526562
35.81354013347942 -57.68047426184396
57.864817345230996 -57.70237564506102
393.4907547487246 -57.87032023490091
256.10138422503474 -57.893923513888346
398.80572069549356 -57.917830597196826
320.89731703689864 -58.031943472873955
132.31599393813764 -58.03701786882493
367.20749838186543 -58.056712465919325
223.461828457886 -58.07981047366503
131.4079511666677 -58.09811509964286
128.55886283783542 -58.10754272523553
229.27663446234487 -58.12892081291881
257.42596037791293 -58.14435759035943
136.0564637031835 -58.22913091939705
103.41690793603479 -58.22999052687714
137.22275717112655 -58.310060091364505
60.79721235034492 -58.36122831428529
331.8604756355632 -58.37179811693918
160.1487544838354 -58.39648662497663
270.4717858836186 -58.42231049927045
320.3391623058116 -58.44009982711824
142.17950440988446 -58.46803539492917
124.36020635324047 -58.47003419256381
63.75459935834334 -58.4951214702376
214.348078072674 -58.727378412421594
130.43326305417244 -58.73180921157731
361.57596706522617 -58.73193016036149
63.2714206359098 -58.78256805876756
103.9750626671218 -58.91471353860348
110.79787945458858 -58.95168056477443
57.15671059683701 -58.95927076214863
186.4236801830664 -58.96922535145143
216.4640676502278 -58.988731585087486
149.8770412983085 -59.00458976123317
144.77034204224364 -59.00870931991682
243.76366546772306 -59.08694702942389
267.9392629246566 -59.103004131837764
210.81587499833222 -59.10646627519592
141.71298702270724 -59.11447614254424
184.54094929910121 -59.126575149649504
294.62239133766764 -59.139628841545765
330.27764878621196 -59.139661240395384
262.79924099807903 -59.14845099957563
305.9187766414588 -59.212954623733395
173.51114535941136 -59.26571509599078
326.2456056541803 -59.27072627087123
289.98220946878 -59.279895560465725
351.9373846194398 -59.30771772055622
182.10839435167716 -59.38520065846427
128.1173374535427 -59.601361322773506
197.67841214871672 -59.63330745380074
158.58258896974047 -59.682374712500454
207.3003332592468 -59.72418209931871
300.27058398956325 -59.73379359149684
125.47651581541453 -59.83422302491666
124.86837707855851 -59.86095897563354
391.61635453238756 -59.8773872880544
133.42397273268352 -59.97533282218526
307.47661148792554 -60.02028602216203
350.57948579604897 -60.07968384928089
279.6188589393433 -60.10023102678584
369.07356793057426 -60.10885267201481
272.4461541114936 -60.123961460827765
375.5964806834271 -60.144662760676646
370.96462948216765 -60.15920451917009
167.65468601681167 -60.186238597146094
259.31702192950627 -60.29880661713432
374.7134299148417 -60.34387391498575
123.78539028689713 -60.37376647707123
322.13858651349517 -60.424939677705616
318.71468211831956 -60.52995070313134
114.68830123694143 -60.5388502324569
116.37109609783067 -60.55148413488285
162.3147280671582 -60.60984517947191
202.30193268234805 -60.63813214262931
303.14466432128 -60.64049474636692
233.06708823315975 -60.68348427104835
138.91388269964395 -60.6984879494907
161.07345859056167 -60.71077899968831
171.9949638510854 -60.72034822470871
190.84726469362178 -60.72715247004356
227.37724224312336 -60.742674658803104
211.49898974384172 -60.77102751443706
390.6000130817515 -60.775288076037185
192.55505155739553 -60.79571237585666
395.64006699679106 -60.80855699171784
324.08796273848566 -60.82413618787359
161.75657333607117 -60.97316203353785
203.31827413298413 -61.04117995616576
128.99205755449998 -61.043490101041925
170.6287343600664 -61.09336359445626
354.31995556109484 -61.12443201668328
228.37692235850312 -61.194491215981
366.0578662491787 -61.198978644938364
353.07035541687014 -61.2031070999278
231.15936534631007 -61.23594511600572
129.7084949705221 -61.29374918408595
302.1616455411566 -61.3350605549035
113.78025846547149 -61.3741624410489
143.99558995282433 -61.443060994510994
323.05495995259326 -61.48625030339401
372.8306990308765 -61.59177667329336
202.79344207240976 -61.60026382547434
372.18923762350784 -61.641522803407895
258.6255765163686 -61.6917048414993
179.20099134944775 -61.78358069122331
269.6553804560585 -61.800621578633525
297.7630530334857 -61.80963965429965
334.634587955742 -61.82011584441448
254.26863734683855 -61.820390470392454
376.5794994635505 -61.85133317965557
205.15102101118032 -61.86908346879872
135.08177559068827 -61.93287341893069
143.56239523615977 -62.00177149874372
175.83540162766926 -62.04585766124032
338.2834203768781 -62.08166115240616
185.89884812249204 -62.24450605729555
172.87801461967084 -62.27749217825194
178.1763192311835 -62.280673489557955
159.36567172678795 -62.46696942401561
169.04590751071515 -62.53825951200125
200.53583114517716 -62.582658710717716
304.65251516197776 -62.61022702320054
381.01141464173406 -62.676194683258565
279.1856642226787 -62.792787392009465
328.16165920865814 -62.827620532293714
300.9120453969319 -62.82891391413881
392.5743813096265 -62.84512053780056
275.2369277669287 -62.85499950823304
299.5041625677721 -62.86615881886838
222.44548700724994 -62.896816205589886
269.09722572497145 -62.930063281162234
273.0792848512341 -62.990131743637086
183.35799449590186 -62.99593491311426
280.85179774831164 -63.01726739950897
277.7361280553781 -63.07436286811642
365.3330981655284 -63.09863374400925
196.61208669231166 -63.10032529863171
313.42470817443507 -63.103145405103824
151.8014255204145 -63.130543996546464
305.1606858872958 -63.158158245883136
293.43110586684014 -63.16793827742324
154.19232712969776 -63.29617833170747
248.70375137122463 -63.39821221599601
355.2529903354493 -63.39862562369698
332.34365435799674 -63.40984785750275
362.2840738136202 -63.41733001171534
179.64251673374048 -63.43993110159939
293.9975912655553 -63.59144229056755
333.06009177401893 -63.71092389193158
178.6511672859889 -63.733273201096274
264.6319878762753 -63.792370986492074
323.546469342655 -63.79541968115182
356.1943557774319 -63.89532378233898
383.21071089556955 -63.92777594991088
355.7028463873702 -63.943808049727245
140.83826692174998 -63.9438118593055
232.08406945303634 -63.96993829360676
394.74035489294926 -63.99646282279124
230.65119462099204 -64.00227108904339
374.03864583696037 -64.2775295950801
345.8976505890205 -64.33758719071123
187.25674694588287 -64.35299002588995
229.86811186394456 -64.37299181615629
276.78643194576733 -64.38058272229163
265.4650546390917 -64.45278627836582
284.0674354527832 -64.50031939403036
377.92906761931323 -64.60209863098002
286.4833290649509 -64.62878108765186
183.92447989461704 -64.83575632735375
362.79224453893823 -64.89542614328006
356.8441478524287 -64.92593877430399
280.12702966466134 -65.31228997115815
313.9828629055221 -65.38096891745614
329.16966999166607 -65.43812114603297
370.06491737832584 -65.51973597653017
