0.0 -21.681748588735317
145.44512612012497 -31.964587169845245
5.4149339583069604 -32.60429102996511
72.69340572336391 -33.17120536024302
24.275565468471513 -33.172655425927196
242.40576664433223 -33.38416442328244
96.96064052420725 -36.509395447724636
242.41409731196038 -38.63760694472748
72.68507505573574 -39.59288488830348
24.267234800843347 -40.035188949206926
629.3652779725758 -40.05687355115515
5.289973943884492 -41.44387728116256
96.96897119183542 -41.81464691964432
2515.428428989031 -41.85393121129751
2612.389069513238 -42.42916822078685
193.92961171604267 -43.58648620571674
91.54570656590029 -44.25542883676425
72.70173639099207 -44.391928666773104
242.39743597670406 -45.133563894420654
24.283896136099678 -45.14945468046405
823.2948896886185 -46.620122657160465
242.42242797958855 -46.671819204587294
37.646287011675625 -47.08369468616132
50.208933794947775 -47.11092864348579
50.20060312731961 -47.12138532694028
71.50212025253637 -47.127730250382825
24.258904133215186 -47.15927206542054
50.23392579783226 -47.24054734109864
50.250587133088594 -47.40064731271963
50.225595130204105 -47.533316507964884
50.27557913597309 -47.587396552948874
50.25891780071676 -47.58772499524039
50.267248468344924 -47.59924141457625
46.68506138823417 -47.63496402745592
12.171105404748415 -47.66031171201227
50.24225646546043 -47.67744632390989
50.21726446257594 -47.68875767585514
50.3422244769984 -47.83996752365607
50.358885812254734 -47.85371269343821
46.65173871772151 -47.87848950481426
46.69339205586233 -47.90265894633582
50.392208482767394 -47.91032037608343
50.30890180648575 -47.94579861419801
50.35055514462657 -47.97684792622032
50.33389380937024 -47.986361345052785
50.29224047122942 -47.997064629682825
72.67674438810758 -48.012895945922594
46.64340805009334 -48.02312316066197
50.317232474113915 -48.02655848573611
46.63507738246518 -48.03399720724829
46.62674671483701 -48.03433105624891
50.32556314174208 -48.04476231191505
50.300571138857585 -48.049252941872055
50.41720048565189 -48.08681112243007
46.66840005297784 -48.120499189865356
96.95230985657909 -48.133501480529176
50.40053915039556 -48.14542103702564
46.66006938534967 -48.18060052236358
50.38387781513923 -48.19773063422484
50.3672164798829 -48.19889206891604
50.375547147511064 -48.20673046722396
50.43386182090821 -48.213776221554596
84.797865787087 -48.219069719303704
50.408869818023724 -48.244011132929636
1693.0915660776516 -48.25151056511224
50.45052315616454 -48.251911025658416
50.425531153280055 -48.257823253592285
46.61841604720885 -48.26195495130355
50.46718449142087 -48.319047231105955
46.59342404432436 -48.368248575924554
46.57676270906803 -48.37156577610685
46.58509337669619 -48.42005755991207
46.46846402990189 -48.45149914723639
46.61008537958069 -48.4534800382736
46.56843204143986 -48.457355365411246
50.49217649430537 -48.46438913069414
50.47551515904904 -48.467157336804625
50.44219248853638 -48.501163655185366
50.45885382379271 -48.5215857303436
46.54344003855537 -48.525531250893806
50.53382983244619 -48.54150941623617
46.46013336227372 -48.56302419652316
46.676730720606 -48.56383443902678
46.60175471195252 -48.58755564952812
50.500507161933534 -48.60820053076924
5.423264625935126 -48.62664648678717
46.52677870329904 -48.63672886037442
46.5601013738117 -48.64465860964498
46.55177070618353 -48.667967941168314
50.54216050007435 -48.6713512039347
50.483845826677204 -48.681612638221914
50.5088378295617 -48.69550571655134
50.55882183533068 -48.70606422149714
50.52549916481803 -48.70693331317792
46.510117368042714 -48.722440331820536
50.57548317058701 -48.758690647431294
46.47679469753005 -48.77475019868389
46.5351093709272 -48.780068155708285
46.50178670041455 -48.78818158505223
50.517168497189864 -48.78867941350067
