6048.9727408189365 -20.075983940843383
3097.208933469531 -21.193121792096292
0.0 -21.786943207509665
2903.279321753488 -22.110340322181784
5952.01210029473 -23.028261168053305
5952.003769627101 -25.205507606263488
3194.169573993738 -25.83360377658737
2806.318681229281 -26.002243630461482
11952.500355517748 -30.112932055684702
72.68507505573574 -30.38356577725104
2903.2876524211165 -30.568077421796495
12049.460996041957 -30.68112681065069
6242.902352534979 -31.712138522229182
145.44512612012497 -31.76104394228164
24.275565468471513 -32.57526291190305
5758.082488578687 -32.70566824721734
5.4149339583069604 -32.71207544155259
242.40576664433223 -32.85108681219662
3194.1779046613665 -33.182664089577386
5952.020430962358 -33.372492836014274
5951.995438959473 -34.06008570746661
9097.69718869255 -34.44748202136548
6242.8940218673515 -34.79154240043114
2903.2709910858603 -35.441115426676866
96.96064052420725 -36.376578048161726
24.283896136099678 -36.578605592206905
8806.8069364523 -37.33264415517266
8903.775907644136 -37.43272818554893
8903.767576976508 -37.737616637733574
9194.666159884386 -37.79403523680412
5952.028761629986 -37.96940272222472
3388.099185709781 -38.0087856708944
2903.2959830887444 -38.02343026135483
242.41409731196038 -38.34716588907137
5951.987108291845 -38.42777861172268
3194.16124332611 -38.58484515306773
6339.862993059187 -38.6682033272215
12340.351248282206 -38.69586130739436
7647.011389259231 -38.93005979677765
9194.657829216758 -38.95368972377259
6048.964410151309 -39.639090435438675
9388.5874409328 -40.53083789389652
2903.262660418232 -40.54661973809851
2951.763807349406 -40.665047661395676
3194.1862353289944 -40.93192976525508
5952.037092297614 -40.99887615932132
5.289973943884492 -41.02651721892306
10695.735837132845 -41.141215668644556
6048.981071486565 -41.31268079679192
5951.978777624217 -41.313883198120095
7550.050748735023 -41.40632114245201
11758.570743801705 -41.646744925068376
2515.428428989031 -41.64676344785793
96.96897119183542 -41.78218704220051
10598.775196608636 -41.814356339019184
9000.736548168343 -41.85214015963104
11952.49202485012 -41.908942665877646
2903.3043137563727 -42.201101416731746
11661.610103277499 -42.27310372196396
2612.389069513238 -42.445544859993085
6242.910683202607 -42.472237847923545
3048.7244478736134 -43.008611525209794
24.267234800843347 -43.02916501792386
5952.045422965242 -43.09139980458296
10501.81455608443 -43.325501531703985
5951.970446956589 -43.357042522776645
193.92961171604267 -43.36263279856105
6242.885691199724 -43.39632747665383
3194.152912658482 -43.54465784287483
10113.955332652344 -43.55529410781793
7402.6978997280485 -43.582370082364974
2903.2543297506036 -43.65792594680951
91.54570656590029 -43.85017843272255
24.292226803727843 -44.28339844882848
629.1903339523843 -44.32756147911476
242.39743597670406 -44.62965019704798
12243.390607758 -44.6525435997799
629.2069952876407 -44.8647010668562
629.2153259552689 -44.88597606300083
2903.312644424001 -44.93555444397808
5952.05375363287 -44.974604936254316
3194.1945659966227 -44.991636413988836
5951.962116288961 -45.192962924632
11952.508686185376 -45.479415406941314
12534.280859998249 -45.540270214002106
2903.2459990829757 -45.77479159566174
6048.956079483681 -45.90985874063064
10501.806225416802 -45.9322806453223
7550.042418067395 -46.00704431694999
50.29224047122942 -46.19825397458929
3485.059826233988 -46.23002521333514
5952.062084300499 -46.248507001469
12.17943607237658 -46.34301450149282
3000.2482929453236 -46.400885437270176
6194.417866939062 -46.42251836283141
5951.953785621333 -46.556844956865255
242.42242797958855 -46.57341333761856
12049.469326709584 -46.57932542372893
629.1820032847562 -46.70000065648903
3194.1445819908536 -46.74698006549648
