0.08330667628164555 -38.571396091158036
0.20826669070411388 -35.252653268794035
0.2749120317294303 -43.87347143978011
0.34155737275474674 -43.73298037555203
0.4748480548053796 -48.33365209797637
0.5581547310870252 -44.96955478051599
0.6414614073686707 -44.99224811295163
0.7580907541629746 -43.506516050288
0.8663894333291138 -44.04838682877412
0.9663574448670884 -46.688865661268196
1.0579947887768986 -39.35748777845969
1.1496321326867085 -47.74142105015255
1.216277473712025 -43.461967915473174
1.291253482365506 -43.02282379572581
1.3912214939034806 -45.05385761929341
1.5411735112104428 -45.13737658631549
1.6244801874920882 -45.86024191876888
1.6911255285174047 -43.44151194562973
1.7661015371708857 -44.95299501273462
1.8410775458243667 -46.897441680986624
1.9826988955031641 -47.49100732127055
2.0326829012721515 -47.462683115623896
2.1576429156946197 -47.33474164578817
2.224288256719936 -45.06034796799197
2.3492482711424043 -49.297133338764255
2.4075629445395563 -50.07671018942127
2.474208285564873 -45.78565032529589
2.6074989676155056 -48.61004896234006
2.699136311525316 -51.7205541486879
2.7574509849224675 -45.271669841170066
2.882410999344936 -46.901558621617966
2.9573870079984172 -45.90533487959878
3.09067769004905 -50.406279103160585
3.207307036843354 -42.96541009828139
3.282283045496835 -52.13035862737585
3.3405977188939864 -48.96395056750094
3.440565730431961 -48.44913928166327
3.4905497362009488 -45.5378803008471
3.5905177477389234 -45.501745014001855
3.7571311003022143 -49.00191353048473
3.8071151060712016 -47.239541219608085
3.9404057881218346 -48.62804160870936
3.998720461518986 -48.05725500421917
4.107019140685126 -47.21871582564523
4.190325816966771 -48.1533847761498
4.290293828504746 -45.384233591400545
4.381931172414556 -48.600184838539604
4.473568516324366 -46.77809008914379
4.556875192606012 -42.71919978419285
4.698496542284809 -50.08531856640281
4.756811215681961 -47.96149999405973
4.856779227219936 -48.994955123657604
4.981739241642404 -49.012362365591606
5.048384582667721 -51.33478126664023
5.1900059323465175 -49.49406021085601
5.289973943884492 -25.005887854901175
5.356619284909809 -43.49568747627572
5.4149339583069604 -16.570421986967734
5.548224640357594 -38.282851505207404
5.623200649011075 -35.541344088042635
5.698176657664556 -41.1601187847921
5.781483333946201 -49.4411952543987
5.931435351253163 -52.53955596568191
6.014742027534809 -51.02332477084409
6.106379371444619 -48.561629237566784
6.214678050610758 -44.84629256432491
6.264662056379746 -45.07660360851923
6.381291403174049 -50.05737264324284
6.472928747083859 -46.29944224865972
6.5562354233655045 -47.09514190319324
6.664534102531644 -48.098879217325546
6.764502114069619 -47.4354375823966
6.8394781227231 -48.28657936309185
6.922784799004745 -48.01052993267176
6.972768804773732 -46.16288697350258
7.064406148683543 -44.76166403296499
7.147712824965188 -50.37348371823359
7.214358165990505 -46.63783232001916
7.272672839387656 -52.118060633182345
7.355979515669302 -51.77047073850984
7.472608862463606 -46.62336238853069
7.58923820925791 -47.75632657903175
7.747520894193036 -43.17181747743645
7.822496902846517 -46.97005427227885
8.030763593550631 -44.86716514899128
8.1557236079731 -51.19390485975149
8.255691619511074 -50.560942572210536
8.305675625280061 -53.40728314474112
8.380651633933542 -37.79024024472764
8.530603651240504 -48.7099233871148
8.630571662778479 -50.699223485943904
8.780523680085441 -49.58296623438721
8.838838353482593 -48.56836066493278
8.955467700276897 -48.19615248742808
9.055435711814871 -48.19975933993155
9.155403723352846 -47.286639606815626
9.338678411172467 -48.338815345294
9.405323752197782 -46.60175195154678
9.45530775796677 -44.394937238625815
9.53028376662025 -44.728338772378265
9.596929107645568 -46.21646734924016
9.696897119183543 -45.90927020400939
9.780203795465187 -47.74334347707036
9.855179804118668 -46.85620822213417
9.988470486169302 -44.95144649806236
10.046785159566454 -47.15955437679789
10.105099832963605 -50.51315170884175
10.155083838732592 -50.304372613756954
10.20506784450158 -50.980216007446124
10.263382517898732 -49.64674949081024
10.363350529436707 -46.60192002871409
10.438326538090188 -48.660980228764245
10.488310543859175 -47.710015826179855
10.538294549628162 -47.61615730457501
10.638262561166137 -45.560571786257114
10.804875913729427 -48.15599237679141
10.913174592895567 -50.125786846431325
10.979819933920883 -45.037549146768576
11.038134607318035 -41.887698870492365
11.088118613087023 -47.649013221684115
11.171425289368669 -45.058411765076755
11.263062633278478 -47.54835059443458
11.33803864193196 -48.92948370679156
11.487990659238921 -49.72185927390952
11.546305332636074 -45.86614702628735
11.646273344174048 -50.209881266764214
11.696257349943036 -50.074253742686096
11.771233358596517 -52.741091781812
11.862870702506326 -48.04795274408943
11.979500049300631 -53.20913965759661
12.046145390325947 -52.960711401331594
12.1044600637231 -52.079909941555265
12.17943607237658 -29.851195127478533
12.304396086799049 -49.574278937714055
12.3627107601962 -52.177383694426524
12.43768676884968 -51.951277882363904
12.562646783272148 -49.17777321929671
12.65428412718196 -51.87286307231416
12.787574809232591 -50.448768393854955
12.887542820770566 -47.97670879351759
12.979180164680377 -46.68190969409831
13.037494838077528 -51.60347860651982
13.162454852499996 -43.97691067690907
13.237430861153477 -47.041414272476004
13.287414866922465 -49.98439769517775
13.37072154320411 -50.74785666471557
13.429036216601263 -51.7320957256339
13.47902022237025 -52.89494741123345
13.553996231023731 -53.015326535421394
13.620641572049047 -55.4209176995837
13.695617580702528 -52.00587949500254
13.762262921727844 -51.724973414392004
13.812246927496831 -52.93591448429445
13.878892268522149 -53.46563070270705
14.012182950572782 -52.632782190296794
14.087158959226263 -51.24336012761031
14.170465635507908 -50.570330245301676
14.262102979417719 -50.555624034550384
14.412054996724681 -48.68470396139664
14.495361673006325 -46.934860933773166
14.745281701851262 -45.77116213675243
14.853580381017402 -52.97799318576427
14.920225722042717 -48.654011880023035
15.045185736465186 -50.01061621043772
15.095169742234173 -51.1915225290096
15.186807086143984 -50.33185229624348
15.286775097681959 -48.86066853728682
15.36175110633544 -52.15383173378535
15.45338845024525 -53.46741500545494
15.520033791270565 -52.375772544744656
15.72830048197468 -53.5936267882104
15.828268493512654 -48.10031176558657
15.886583166909807 -55.03180994092696
16.00321251370411 -53.414534293583664
16.153164531011072 -47.745164702924036
16.35310055408702 -52.87478659615789
16.494721903765818 -56.53700797700186
16.5696979124193 -50.47885668476348
16.628012585816453 -54.8292946666064
16.702988594469932 -55.362337761929304
16.794625938379742 -47.97773174442213
16.919585952802212 -50.371732579556294
17.02788463196835 -53.37207539667344
17.10286064062183 -54.21217263026442
17.18616731690348 -48.893285170890614
17.244481990300628 -54.124262832278525
17.327788666582276 -55.59805853156158
17.39443400760759 -54.5023802251752
17.51939402203006 -48.12511827753794
17.59437003068354 -47.52558801004841
17.65268470408069 -48.359126989604945
17.727660712734174 -47.985728951233384
17.785975386131327 -50.6924040470753
17.860951394784806 -48.28393739497311
18.05255675023259 -51.6002527215136
18.110871423629742 -50.84535841094794
18.244162105680374 -53.92803624199036
18.31080744670569 -50.1158680920051
18.37745278773101 -48.75885089887308
18.460759464012654 -52.30868561167384
18.52740480503797 -53.375466077003566
18.57738881080696 -42.1929624075578
18.652364819460438 -32.7984260439535
18.768994166254743 -44.96703749438859
18.860631510164552 -45.707097250258364
18.960599521702527 -42.58275005925782
19.052236865612336 -49.722259376971124
19.135543541893984 -48.17823701748894
19.202188882919298 -46.014739223686966
19.360471567854425 -45.251033129355974
19.47710091464873 -46.10010897656874
19.56873825855854 -51.46048058888836
19.643714267212022 -52.163262107486375
19.76867428163449 -31.84193862102876
19.91862629894145 -48.16275228898347
20.001932975223095 -52.81855639924664
20.09357031913291 -52.02163526261434
20.160215660158222 -49.953974164864164
20.22686100118354 -50.86721997314019
20.385143686118667 -42.05254036488218
20.53509570342563 -47.064164678269336
20.65172505021993 -47.41003485918526
20.743362394129743 -50.56803976604953
20.79334639989873 -53.40809987908776
20.901645079064867 -48.797425493658444
21.009943758231007 -51.640870571850655
21.143234440281642 -45.70866080446074
21.251533119447778 -48.464045992491634
21.368162466242083 -52.84005842028666
21.426477139639236 -51.435150109481796
21.50145314829272 -54.79709338352792
21.659735833227842 -54.65528006456576
21.74304250950949 -49.72477341449163
21.809687850534804 -48.65771756942567
21.92631719732911 -48.491936036479814
22.042946544123414 -49.2098300416669
22.159575890917715 -50.69436023994261
22.234551899571198 -53.74075921364928
22.317858575852842 -52.92387020296623
22.40949591976265 -51.31813022341262
22.484471928416134 -52.17230785325163
22.56777860469778 -48.862624484050755
22.634423945723096 -52.82526377279399
22.69273861912025 -53.29858016914081
22.759383960145563 -55.20578447468591
22.84269063642721 -51.69844121542063
22.942658647965185 -52.53463967864057
23.034295991874995 -50.37607996260016
23.217570679694614 -46.72257536285424
23.292546688348096 -37.249644498326774
23.35919202937341 -54.11534934165945
23.450829373283224 -53.47951102936786
23.525805381936703 -55.074448846222225
23.642434728731008 -51.84654711695355
23.734072072640817 -51.50274744670736
23.842370751806957 -51.367986591965966
23.9256774280886 -51.972567032798324
24.000653436742084 -41.68758513542245
24.067298777767398 -51.64935780394981
24.12561345116455 -43.09491367836663
24.200589459818033 -43.038064326024916
24.275565468471513 -15.206801950872732
24.408856150522148 -39.55780045327269
24.533816164944614 -45.4087167856043
24.61712284122626 -42.87027045747661
24.67543751462341 -51.66307110045124
24.74208285564873 -53.558261063660176
24.792066861417716 -53.5218776945637
24.87537353769936 -46.28878334312002
24.933688211096513 -52.77280370899162
25.050317557890818 -50.283992853476306
25.10863223128797 -50.28987720252985
25.258584248594932 -49.21667424354712
25.341890924876576 -45.16683192437236
25.49184294218354 -51.59029142256766
25.558488283208856 -49.34043374860345
25.608472288977843 -50.70818503873875
25.725101635772145 -51.515199924811476
25.891714988335437 -48.91926855552065
25.99168299987341 -36.71854172507891
26.05832834089873 -45.59596563260805
26.11664301429588 -47.62274497118604
26.183288355321196 -45.69927828968325
26.249933696346513 -47.99792256417702
26.383224378397145 -54.907875798852686
26.458200387050628 -50.75155006437929
26.52484572807594 -51.465794616845635
26.59149106910126 -51.86258173683433
26.658136410126577 -52.42811985469784
26.733112418780056 -53.208834928411804
26.79142709217721 -50.45200346105506
26.86640310083069 -53.401620577418896
26.933048441856005 -53.55056718446772
26.991363115253158 -53.5839678704433
27.04967778865031 -55.261318498035266
27.149645800188285 -53.61640907487256
27.199629805957272 -52.25380839041786
27.316259152751577 -53.86141527527254
27.374573826148726 -53.61369059842434
27.44954983480221 -55.42403244390941
27.574509849224675 -55.392919340436436
27.632824522621828 -55.30793884421966
27.70780053127531 -53.1051516721304
27.89107521909493 -51.378689842297575
27.974381895376577 -52.51860362221472
28.082680574542714 -58.42932069756779
28.19930992133702 -56.12034360289531
28.299277932874993 -54.84940118120203
28.382584609156638 -55.25589656189801
28.432568614925625 -55.80210369573537
28.54919796171993 -54.2268470725812
28.615843302745247 -59.755718187582396
28.690819311398727 -56.594347919411696
28.824109993449362 -53.546616827529185
28.91574733735917 -55.194273138537966
29.08236068992246 -53.53728365228448
29.1906593690886 -51.882479320496074
29.382264724536384 -53.96543781134392
29.457240733189867 -53.61744415019466
29.57387007998417 -55.4404978961698
29.682168759150308 -54.78367246766101
29.765475435431956 -51.1206737169315
29.823790108829108 -49.84456445455766
29.898766117482587 -44.1121290984762
30.032056799533223 -50.95999487182745
30.207000819724676 -55.38184225689743
30.32363016651898 -57.70964342481703
30.39860617517246 -55.0253617010545
30.5069048543386 -54.61255048151937
30.63186486876107 -57.5815059738449
30.731832880299045 -55.80277935719144
30.89011556523417 -50.653758089744336
31.01507557965664 -57.23702044341404
31.12337425882278 -55.38449268309024
31.25666494087341 -59.92212642988977
31.323310281898728 -59.48659248994272
31.423278293436702 -55.49877859300271
31.514915637346512 -55.25986888786852
31.614883648884486 -47.94426416144354
31.723182328050626 -50.70086556555907
31.798158336704105 -60.43294095047273
31.864803677729423 -57.38569168841833
31.939779686382902 -53.85014628531168
32.02308636266455 -55.10720587444737
32.0814010360617 -58.91560915102222
32.17303837997151 -52.705721126992714
32.322990397278474 -56.255654222337384
32.39796640593195 -57.62292745125907
32.4812730822136 -57.98743558580913
32.53125708798259 -54.356770485471976
32.6228944318924 -50.63108145931979
32.7395237786867 -56.556374832228045
32.86448379310917 -57.67139900284712
32.93945980176265 -57.82636646037125
33.022766478044296 -59.70182045664277
33.114403821954106 -54.70241596326821
33.239363836376576 -53.26595868704668
33.44763052708069 -55.779794507287335
33.514275868106004 -56.30226189153384
33.564259873874995 -59.08743912498651
33.622574547272144 -55.239047813838376
33.747534561694614 -58.317436034846494
33.86416390848892 -56.5893430185475
33.97246258765505 -58.398623105701155
34.0557692639367 -57.35088176662764
34.12241460496202 -46.31131454266358
34.26403595464082 -57.90968444443736
34.37233463380696 -58.36713522752569
34.4556413100886 -56.573622239200645
34.63891599790822 -55.49714976134655
34.722222674189865 -58.27488688874369
34.813860018099675 -57.13419694525825
34.938820032522145 -53.95497599320989
35.0887720498291 -50.127624284943835
35.23872406713607 -56.754596350264784
35.33036141104588 -61.248521195554716
35.40533741969936 -55.55568592810114
35.488644095981 -56.87696455041707
35.56362010463449 -57.464434071378
35.63859611328797 -57.3326254078176
35.76355612771044 -59.69830339772511
35.821870801107586 -59.168532534906355
35.8885161421329 -58.00922333181998
36.005145488927205 -58.9222885397102
36.06346016232436 -54.542560770707155
36.1717588414905 -59.490340866735636
36.313380191169294 -57.24149873691924
36.405017535079104 -57.47248390363776
36.471662876104425 -60.052818295094326
36.529977549501574 -60.28140201313336
36.59662289052689 -59.41407827044862
36.69659090206486 -56.34740813227293
36.82155091648733 -60.79428523050393
36.87153492225632 -57.78433114821158
36.9715029337943 -56.3466498573393
37.03814827481961 -59.17854596511102
37.088132280588596 -56.25564812149377
37.23808429789556 -49.04089439442905
37.288068303664545 -60.3822996996933
37.338052309433536 -59.464389132282705
37.446350988599676 -55.6879521103194
37.571311003022146 -58.46925614904846
37.646287011675625 -30.290978526760792
37.754585690841765 -57.98588487532393
37.80456969661075 -61.141693440851405
37.88787637289239 -59.74769810278861
37.971183049174044 -60.50802131181499
38.02949772257119 -60.18795375177959
38.079481728340184 -59.23349853076636
38.21277241039081 -57.54551802304239
38.33773242481328 -56.70573859766569
38.45436177160759 -57.26225574842175
38.50434577737657 -54.739118566141265
38.58765245365822 -59.054119056102046
38.637636459427206 -59.743109864474505
38.712612468080685 -54.33446116430834
38.77092714147784 -58.8961583234875
38.837572482503155 -54.52948576585421
38.895887155900304 -55.78291472594236
38.979193832181956 -57.21409010592691
39.037508505579105 -59.18500329485292
39.15413785237341 -60.854087532027776
39.21245252577056 -55.86628902049619
39.26243653153955 -58.80170330250984
39.42904988410284 -57.0039621835543
39.47903388987183 -54.89859737253117
39.579001901409804 -59.386808027171384
39.67896991294778 -56.61924656248153
39.812260594998406 -56.832345797494796
39.89556727128005 -60.212256832833695
40.012196618074356 -56.68772537074223
40.07884195909968 -60.303562043449865
40.195471305893975 -55.39144155665626
40.25378597929113 -63.23898826827414
40.36208465845727 -55.11274152928845
40.48704467287974 -57.45524619290138
40.628666022558534 -52.74428838591404
40.770287372237334 -59.0729583811476
40.85359404851898 -54.19825207651475
40.90357805428796 -55.66518485380571
41.06186073922309 -57.41013139019554
41.12850608024841 -60.02485083148527
41.21181275653005 -57.01377364947846
41.27845809755537 -56.606420601557666
41.37009544146518 -59.974724681000055
41.470063453003156 -54.85916940281558
41.561700796912966 -56.55349275228848
41.728314149476255 -54.36391479597977
41.8116208257579 -55.01864900544084
41.928250172552204 -55.166391581906865
42.053210186974674 -60.32810353762738
42.16983953376898 -57.90422102219704
42.26147687767879 -64.12091976447212
42.3281222187041 -58.93907600240113
42.37810622447309 -58.67368388226435
42.51139690652372 -57.2941128042169
42.57804224754904 -56.31638387439122
42.63635692094619 -60.63835313589071
42.727994264856 -55.321137902982684
42.861284946906636 -42.27623474108085
42.94459162318828 -58.256526103723296
43.06955163761075 -48.26996183985586
43.186180984405055 -59.73544757445394
43.2694876606867 -58.78555445308271
43.37778633985284 -56.500244581058745
43.46942368376265 -58.00358267279276
43.51940768953163 -57.56867809382242
43.65269837158227 -55.96525804647104
43.76932771837657 -56.8233475991525
43.91927973568353 -47.30672179961641
44.019247747221506 -61.705415691753146
44.110885091131316 -53.347615937555524
44.16919976452847 -54.89521292247553
44.27749844369461 -58.758080911662525
44.33581311709176 -54.90758926084264
44.40245845811708 -56.49185426490624
44.544079807795875 -54.04968231594155
44.744015830871824 -53.94182153377934
44.83565317478163 -50.98213441499054
44.902298515806955 -53.96115809556659
45.06891186837024 -50.48321110831225
45.14388787702372 -53.9524922720793
45.29383989433069 -53.15386801790246
45.35215456772784 -54.37716933061629
45.443791911637646 -56.8766407233401
45.535429255547456 -55.03280423614267
45.718703943367075 -55.796315995476895
45.768687949136066 -54.39009830197072
45.893647963558536 -55.59130626727209
45.97695463984018 -55.048329447252385
46.08525331900632 -55.7263320796003
46.293520009710434 -52.806766141273236
46.401818688876574 -55.56021726553923
46.60175471195252 -57.43666560428106
46.66840005297784 -51.34899889856044
46.76836806451581 -61.03296633337476
46.84334407316929 -62.93403838442474
46.943312084707266 -59.8415395411638
47.02661876098891 -60.12279241013499
47.101594769642396 -59.20605506997034
47.20156278118037 -57.872107336517814
47.27653878983385 -58.06328538481082
47.36817613374366 -56.855129474011505
47.41816013951265 -52.64359868780433
47.501466815794295 -57.394056983973044
47.60143482733227 -60.30170949171308
47.70973350649841 -57.43203139462785
47.918000197202524 -56.23171989715605
48.18458156130379 -45.0167692742454
48.32620291098258 -41.33367087928612
48.48448559591771 25.578629602660786
48.63443761322467 -37.165481181366474
48.77605896290347 -48.48328956001437
48.93434164783859 -51.411249131701986
49.03430965937657 -54.566097222139135
49.17593100905537 -58.65862478050548
49.27589902059334 -56.98096375403593
49.42585103790031 -58.87268505273687
49.53414971706644 -52.85985051936091
49.62578706097626 -60.341892603757834
49.67577106674524 -58.94245297395465
49.792400413539546 -58.6014515417226
49.84238441930853 -60.793695279768336
49.959013766102835 -59.07470773568117
50.04232044238448 -59.08124375598948
50.21726446257594 -57.87263967917127
50.29224047122942 -44.265792638015185
50.408869818023724 -56.49606777775088
50.45885382379271 -56.372440044079056
50.57548317058701 -60.48043500773305
50.7420965231503 -57.90062665634494
50.83373386706011 -57.049673156451405
50.89204854045727 -54.97049310744852
51.075323228276886 -58.44920582320807
51.133637901674035 -55.37698478234802
51.283589918981 -55.84492432339367
51.441872603916124 -52.074725265647416
51.550171283082264 -52.705296285758585
51.60848595647942 -54.50425973615306
51.708453968017395 -53.71847298873536
51.800091311927204 -54.280391704873516
51.86673665295252 -56.850779758356225
52.00835800263132 -45.93987580729616
52.10832601416929 -59.852990920077445
52.29160070198891 -42.78682742426378
52.44155271929587 -53.795628884943305
52.51652872794936 -57.766830807728276
52.58317406897467 -55.76186454935511
52.716464751025306 -58.02270694789475
52.84142476544777 -56.3079396251744
52.916400774101255 -58.06378139011752
53.01636878563923 -61.63624367666045
53.066352791408214 -56.16424096411714
53.23296614397151 -60.97714939473988
53.3745874936503 -60.86616170331153
53.50787817570094 -62.10245135681916
53.57452351672625 -60.76806829160671
53.64116885775157 -61.94904806415381
53.70781419877689 -59.97786628141982
53.7744595398022 -58.18331031321989
53.90775022185284 -60.13312654058253
53.97439556287815 -58.834432995980194
54.03271023627531 -59.72556781432513
54.107686244928786 -47.08873287215651
54.199323588838595 -57.75414610082044
54.307622268004735 -61.41947646625846
54.399259611914545 -57.68820430088119
54.45757428531169 -59.09169633189916
54.5492116292215 -61.240335342299865
54.615856970246824 -64.70123820972469
54.707494314156634 -59.75735229012795
54.78247032281011 -59.20052507465588
54.84911566383543 -60.029561746640816
54.96574501062973 -58.48013345490051
55.07404368979587 -62.368050388220624
55.14068903082119 -60.80487389802527
55.265649045243656 -60.82599418341737
55.33229438626898 -60.787741152187486
55.423931730178786 -64.47802099473685
55.515569074088596 -60.08754064969108
55.573883747485745 -58.82391144348142
55.64885975613923 -56.09960178769606
55.72383576479271 -57.39840201506197
55.773819770561694 -59.05896555354748
55.90711045261233 -60.97464781821169
56.01540913177847 -59.417826455402476
56.08205447280378 -56.381862879329596
56.18202248434176 -62.91768670434379
56.2653291606234 -60.31472997445454
56.33197450164872 -59.39188930125699
56.48192651895568 -59.68101975166207
56.53191052472467 -62.00085953544931
56.60688653337815 -59.42244557516236
56.69852387728796 -59.60984785183453
56.765169218313275 -61.973538960610256
56.84014522696676 -57.235499890119364
56.95677457376106 -56.158714542666644
57.0650732529272 -59.674762587626475
57.13171859395252 -61.62283967076932
57.248347940746825 -62.14325662560526
57.31499328177214 -63.0258448682395
57.45661463145093 -59.39875367543549
57.539921307732584 -57.82901465092566
57.66488132215505 -56.57623063323275
57.75651866606486 -61.03475552115002
57.91480135099999 -59.06315695284863
58.01476936253796 -58.96811478764561
58.15639071221676 -58.31663414822572
58.23136672087024 -63.180092857149646
58.30634272952372 -59.49665377933003
58.36465740292087 -57.60409690617016
58.497948084971505 -58.05562864972746
58.61457743176581 -62.180229882729954
58.66456143753479 -63.707808620604126
58.747868113816445 -63.22475250234821
58.83117479009809 -62.887844066758156
58.93947346926423 -59.36133668445073
59.06443348368669 -44.88459440411574
59.181062830481 -60.345275320208856
59.23104683624999 -61.58269269570086
59.33934551541613 -57.851857245187105
59.397660188813276 -58.997220001279004
59.49762820035125 -58.68576010345337
59.54761220612024 -59.974332712340164
59.630918882401886 -61.05712526796549
59.73088689393986 -59.90623687603171
59.847516240734166 -60.9240773544386
59.91416158175948 -58.206487040360486
59.96414558752847 -61.26365298825755
60.08077493432277 -64.73620159187331
60.14742027534809 -62.25233828976162
60.33069496316771 -60.194092590654186
60.41400163944935 -59.356158479306714
60.58061499201264 -55.60485109731087
60.64726033303796 -63.26291930806879
60.71390567406328 -62.06128377290039
60.772220347460426 -62.543578900790415
60.86385769137024 -61.52570149842671
61.03047104393353 -59.61104031196963
61.097116384958845 -61.679219451068775
61.155431058356 -64.89297438599286
61.24706840226581 -58.18799939405254
61.388689751944604 -58.30394174832441
61.438673757713595 -60.384408098343265
61.513649766367074 -60.75819113767713
61.59695644264872 -59.43887997679706
61.64694044841771 -59.9539630389442
61.72191645707119 -51.28520373777376
61.82188446860916 -55.995590788536234
61.94684448303163 -59.14932709823361
62.00515915642878 -59.052792627977055
62.13011917085125 -61.760403521281134
62.24674851764556 -62.545805335380216
62.31339385867087 -55.58506384010918
62.380039199696185 -57.73777104452624
62.52999121700315 -60.65339376007941
62.62162856091296 -63.80699616123064
62.76324991059176 -61.879535694680065
62.83822591924524 -47.69036212835552
62.938193930783214 -60.18655042666246
63.00483927180853 -59.30185001510623
63.11313795097467 -63.12180036260165
63.19644462725631 -59.12444684709578
63.26308996828163 -63.23625640257167
63.33806597693511 -60.970987215632924
63.41304198558859 -63.22156805952623
63.5296713323829 -58.108892341862706
63.604647341036376 -60.79997458919449
63.68795401731802 -55.895163633772555
63.82957536699682 -58.16063957884023
63.88789004039397 -62.502982160847154
63.962866049047456 -60.38704141007267
64.09615673109809 -55.99314044685527
64.17946340737973 -58.25354591848186
64.22944741314872 -61.068291309262754
64.32108475705853 -61.66010313690286
64.37106876282752 -60.99300480449182
64.46270610673733 -62.24930927652801
64.54601278301897 -60.25808557858703
64.67930346506961 -56.297669578255515
64.74594880609492 -57.385229647828936
64.7959328118639 -58.597580250613504
64.87923948814556 -60.01612910979692
65.01253017019619 -61.51244259892388
65.07917551122151 -60.306153348318674
65.1291595169905 -60.10238412775426
65.20413552564398 -59.75651360775536
65.27078086666928 -59.40675426606849
65.35408754295094 -56.038075249687374
65.43739421923257 -58.145286884491426
65.51237022788607 -56.99739704760389
65.62899957468036 -62.95800233313547
65.68731424807751 -54.78248409826904
65.83726626538447 -64.13253300458967
65.94556494455061 -61.21002905878656
66.00387961794777 -58.49951053132774
66.07052495897308 -60.508327291962615
66.20381564102372 -60.662502718962244
66.26213031442087 -60.23315829138103
66.42874366698416 -62.487697905727195
66.48705834038131 -60.1221678808226
66.60368768717562 -54.109410251549704
66.69532503108543 -59.176166565262385
66.78696237499524 -62.26312954007835
66.9369143923022 -55.277738341062914
67.06187440672467 -40.928763827413846
67.13685041537815 -54.83902798945434
67.1951650887753 -56.589776100964606
67.27847176505695 -56.349767485138436
67.37010910896676 -52.37037659606014
67.47007712050473 -58.03075770252661
67.57004513204271 -56.18616941483184
67.63669047306803 -54.9985955578703
67.71999714934967 -56.45410775224314
67.78664249037499 -55.26304304578301
67.8782798342848 -54.458504311869945
67.93659450768195 -53.43579105571951
67.9949091810791 -56.57066460803552
68.12819986312974 -53.32575632276493
68.21983720703955 -60.805929426773766
68.2781518804367 -56.197302799028854
68.46142656825631 -56.046395286689965
68.57805591505061 -57.68281274139956
68.68635459421675 -56.90674961739087
68.78632260575473 -56.601023907232715
68.86129861440821 -55.28432216982886
68.99458929645884 -57.71377746484313
69.07789597274049 -56.333647456359294
69.18619465190663 -57.3962098939532
69.32781600158543 -58.116761229757856
69.38613067498258 -55.07258684838796
69.45277601600789 -54.61399163513444
69.54441335991771 -54.32404494775202
69.711026712481 -55.02920813869376
69.76101071824998 -57.418810785830175
69.83598672690347 -54.82086169299783
69.91929340318511 -55.679996435194184
69.99426941183859 -54.156865873172315
70.1108987586329 -55.70581259631488
70.16921343203005 -56.737123728741025
70.27751211119619 -55.89617674310855
70.4607867990158 -53.78584818634052
70.5107708047848 -53.42640634948425
70.56908547818195 -55.01370964449099
70.6274001515791 -52.671426062200226
70.71070682786075 -51.11123689039388
70.77735216888605 -51.7765135359737
70.84399750991138 -50.06208974663135
70.977288191962 -37.93004512149221
71.1189095416408 -52.66283842801659
71.24386955606327 -53.3855957047891
71.35216823522941 -50.44799992803689
71.46046691439555 -34.71556689778722
71.63541093458701 -49.767801340154136
71.82701629003479 -51.695177227389806
71.9186536339446 -50.08449650603471
72.01029097785441 -56.2316425880545
72.08526698650789 -51.679156665479375
72.21855766855853 -55.81683819588352
72.28520300958384 -58.60671527869363
72.343517682981 -46.26944546747394
72.42682435926264 -52.14078160437458
72.55178437368511 -46.851352615223334
72.61009904708226 -56.56339801321038
72.68507505573574 -14.226404376287222
72.76005106438923 -45.83405629113743
72.83502707304271 -50.43027630172291
72.89334174643986 -53.717799916616485
72.96831775509334 -50.166334800518
73.03496309611866 -53.97861026427756
73.1182697724003 -50.4454607240954
73.2598911220791 -54.65339247352241
73.30987512784809 -58.007612006225465
73.43483514227056 -57.20087907182066
73.4931498156677 -58.70851329749855
73.6347711653465 -59.800179083866034
73.72640850925632 -54.33172543038487
73.88469119419143 -59.321513455283196
73.95133653521675 -58.893301295560896
74.01798187624208 -54.86683751793705
74.12628055540821 -57.58856071749402
74.18459522880536 -56.1770649325054
74.267901905087 -58.565071373238155
74.41785392239397 -52.47620228370705
74.52615260156011 -53.51579205169241
74.63445128072625 -60.42829707832186
74.75108062752055 -58.21373369357066
74.8093953009177 -59.73384421560661
74.91769398008384 -47.99219413384371
75.04265399450631 -59.42516550987303
75.15095267367245 -58.038907487700975
75.3508886967484 -60.41557755236349
75.44252604065821 -62.65410828955584
75.51750204931169 -57.27078127311355
75.60080872559334 -59.218234211463745
75.68411540187498 -57.85068948422568
75.81740608392562 -50.533339910841626
75.92570476309176 -58.22108864915964
76.04233410988606 -54.7124546086073
76.09231811565505 -53.389111943870056
76.15896345668037 -59.173807136064966
76.30891547398733 -56.624221552990555
76.37556081501263 -61.985839060950724
76.47552882655062 -58.43108623072606
76.53384349994776 -58.75299343608334
76.59215817334491 -51.64163159100973
76.72544885539556 -57.60022883617785
76.80042486404903 -62.14890972209091
76.87540087270251 -58.24625213716633
76.95870754898417 -56.1856611591857
77.02535289000947 -60.558649071833784
77.19196624257276 -43.31072449102054
77.36691026276422 -56.22205557313106
77.41689426853321 -58.02012996519813
77.48353960955852 -56.91763704591769
77.54185428295568 -56.39399716217264
77.60016895635283 -56.2652278784892
77.76678230891612 -55.997953422773925
77.85841965282593 -57.16355570074707
78.01670233776106 -53.02707768675433
78.10833968167087 -52.30675778580074
78.20830769320884 -59.159189459144315
78.30827570474682 -43.98838958239683
78.3832517134003 -46.20243040898498
78.64983307750157 -56.63520725705547
78.70814775089872 -60.5037047316885
78.79145442718035 -56.607284487739555
78.85809976820568 -59.82784158774598
78.98305978262815 -60.63147586106058
79.04970512365347 -58.12238484111201
79.16633447044777 -55.92643688906345
79.23297981147309 -55.73250670621425
79.31628648775472 -58.64396301546086
79.36627049352371 -57.23555063930819
79.4412465021772 -60.09192753967185
79.52455317845885 -59.373225597313215
79.61619052236865 -60.81872472017985
79.74948120441928 -56.293188843964685
79.89943322172624 -57.49564628298962
79.99940123326422 -49.073412779678904
80.0743772419177 -57.270667197635525
80.16601458582751 -60.60418180887014
80.30763593550631 -58.28484213052342
80.39094261178795 -58.96891996617078
80.51590262621042 -57.47449533517415
80.58254796723574 -58.293481828690645
80.65752397588922 -61.5439802274097
80.71583864928637 -40.21412800189697
80.81580666082435 -58.24056351717863
80.96575867813131 -56.46931092487041
81.05739602204112 -61.44280032055963
81.1323720306946 -57.002657846586146
81.23234004223258 -59.67270779296848
81.35730005665505 -63.05120400208098
81.46559873582119 -60.91040224106657
81.58222808261549 -58.14522610177083
81.68219609415347 -56.55817048599915
81.77383343806328 -57.45437245070352
81.87380144960125 -59.399598919387124
81.92378545537024 -61.49125638999139
82.03208413453638 -63.17917806857268
82.10706014318986 -62.53880236878517
82.15704414895885 -58.485045813682
82.22368948998415 -56.73606445442269
82.4236255130601 -54.62492758805443
82.4736095188291 -53.672977068006404
82.55691619511074 -55.61804021820997
82.69853754478953 -57.60395896675726
82.77351355344302 -56.62921941333737
82.823497559212 -58.32386514559352
82.92346557074998 -59.390546535352165
83.01510291465979 -59.480390658534105
83.13173226145409 -64.94749608423558
83.19837760247941 -59.32869204246239
83.27335361113289 -59.40277839908624
83.41497496081169 -65.07141717932599
83.51494297234966 -60.741040863384995
83.58991898100315 -57.069973173562786
83.67322565728479 -52.64963257908873
83.73987099831011 -57.59167682745239
83.79818567170726 -62.08479315307003
83.88149234798891 -59.034494098766345
83.93147635375789 -58.42766889412337
83.98146035952688 -55.1744970557068
84.05643636818036 -60.276352082589575
84.17306571497467 -57.42754970412493
84.23138038837182 -60.61864429475602
84.28969506176897 -58.381132003143385
84.33967906753796 -55.849442933018295
84.3979937409351 -61.3923370946509
84.49796175247309 -57.04524713318808
84.5895990963829 -60.009207823345676
84.6562444374082 -60.997515173114834
84.78953511945885 -30.894539172839597
84.87284179574048 -59.66062766274776
84.97280980727847 -61.54043512778326
85.03112448067562 -56.69399685187834
85.1061004893291 -55.54576223230768
85.23939117137972 -60.52498864072854
85.34768985054586 -60.05986014486248
85.43932719445567 -60.95575488087219
85.53096453836548 -59.583493987270906
85.5976098793908 -63.12878559684546
85.65592455278795 -63.93532383539875
85.73090056144143 -61.339611927974374
85.79754590246675 -52.898819203125086
85.90584458163289 -58.51645996719833
85.98082059028637 -57.30446579768322
86.04746593131169 -59.477441725813335
86.09744993708068 -56.97790391059993
86.14743394284966 -54.85560219314724
86.26406328964397 -63.456627685972855
86.33070863066928 -57.68677281312449
86.42234597457909 -56.6657162610815
86.55563665662973 -59.055792026333876
86.64727400053954 -59.33975150626235
86.70558867393669 -60.00997772111732
86.78889535021834 -60.96317392684048
86.9138553646408 -55.908644597477874
86.97217003803796 -57.093811451081116
87.11379138771674 -56.72769473497414
87.18876739637024 -58.648003387061244
87.26374340502372 -57.17808748841308
87.38870341944619 -58.33016572002901
87.43868742521516 -56.06809388789521
87.50533276624049 -53.022068767244484
87.56364743963763 -53.89610677025357
87.69693812168828 -58.92838208987631
87.81356746848257 -58.16703691218906
87.93019681527687 -56.331489825994325
88.03849549444301 -57.83745732959754
88.18844751174998 -55.12561023563496
88.36339153194143 -59.83574157590684
88.49668221399207 -61.084149935587135
88.58831955790188 -48.144724301793964
88.66329556655536 -54.8855569787225
88.75493291046517 -60.528628717915105
88.81324758386232 -61.70063664535165
88.92987693065662 -59.64460042893754
89.00485293931011 -61.63369852387871
89.1464742889889 -57.6090948024771
89.20478896238606 -59.93898706325875
89.3130876415522 -58.34573365558739
89.39639431783384 -61.29833347191253
89.48803166174365 -58.83577102110067
89.65464501430694 -59.15563990720335
89.72129035533226 -56.07882370362301
89.89623437552372 -55.96422945265524
89.98787171943353 -60.292265336700446
90.07117839571517 -56.70948214558007
90.12949306911231 -56.48937889694157
90.1794770748813 -59.907882589443766
90.27944508641929 -53.18149249021112
90.41273576846991 -56.38859424270589
90.52103444763605 -54.99523003060936
90.5793491210332 -60.44653769613618
90.70430913545567 -53.73455610923959
90.770954476481 -58.12647997212301
90.85426115276263 -58.90099583543855
90.90424515853162 -58.45040619063703
91.02087450532593 -59.899586207274425
91.08751984635124 -59.698635415794485
91.15416518737656 -60.5083076817028
91.24580253128637 -52.698295518067376
91.33743987519618 -44.64335227586095
91.42074655147783 -50.89902278519624
91.54570656590029 -27.252010970290033
91.67066658032276 -54.89761570299302
91.7789652594889 -58.9422207241563
91.84561060051422 -55.026053786457396
91.93724794442403 -59.96100753111331
92.01222395307751 -59.75163353731607
92.0622079588465 -62.986309887918466
92.13718396749998 -57.19425680853164
92.21215997615346 -56.42640453022037
92.31212798769144 -61.47194218598065
92.40376533160125 -53.58870802998665
92.49540267551106 -58.2154882453012
92.67867736333068 -57.34067066816746
92.77031470724049 -57.73582817663821
92.85362138352212 -56.585030954292826
93.06188807422625 -56.357399443543976
93.19517875627687 -56.97662055708727
93.27015476493035 -63.97709505676932
93.32846943832752 -59.26236401713811
93.3784534440965 -58.757702769966436
93.4700907880063 -54.14542731207305
93.54506679665978 -57.37987826888254
93.64503480819776 -60.645151346075544
93.73667215210757 -59.70532901247171
93.79498682550472 -58.40791493326019
93.91994683992719 -64.04732021665589
94.0365761867215 -57.19948980309099
94.11988286300314 -59.5293953840326
94.20318953928479 -57.62445029584814
94.27816554793827 -57.49224150830305
94.36147222421991 -59.14869072908616
94.4114562299889 -58.93960563372235
94.46977090338605 -61.60357603449887
94.5530775796677 -56.55700740196784
94.61139225306485 -54.02955540250086
94.75301360274365 -58.490249051060836
94.85298161428162 -58.701279231205945
94.97794162870409 -60.52916250783528
95.06124830498574 -35.54766816083959
95.20286965466454 -56.720802505298806
95.32782966908701 -57.63531189222944
95.45278968350947 -55.21412278893447
95.52776569216296 -60.13094109807646
95.6110723684446 -51.87159848071107
95.73603238286707 -56.1946391438171
95.83600039440505 -57.26077352053185
95.90264573543035 -52.94121840632868
96.04426708510915 -56.64919747561118
96.14423509664714 -53.799911199520594
96.21088043767244 -57.18281559616475
96.28585644632592 -58.10004799736233
96.34417111972309 -56.76050890271106
96.44413913126105 -56.42149220713273
96.54410714279904 -55.948431561336875
96.65240582196516 -54.57548385931203
96.75237383350314 -48.0998251601749
96.88566451555377 -35.00993246534668
96.96064052420725 -19.105829231081533
97.0439472004889 -45.959564591083726
97.11892320914238 -56.18575389834356
97.16890721491137 -48.86404113875096
97.22722188830852 -52.308269374663425
97.302197896962 -54.65538404311242
97.41882724375631 -60.9367883975849
97.51879525529428 -56.11402025505504
97.60210193157593 -55.096219905852536
97.75205394888289 -58.215384718707014
97.80203795465188 -56.073165300723744
97.90200596618985 -57.20292424563817
98.02696598061232 -51.768090494134576
98.17691799791928 -52.89712836599662
98.26022467420093 -60.88259774961716
98.35186201811074 -53.57592996968005
98.48515270016136 -54.272536215828175
98.618443382212 -48.608252811608956
98.72674206137815 -55.94679575009618
98.86836341105693 -54.18059376520386
98.9266780844541 -55.51755771673819
98.98499275785124 -58.06816025974534
99.05163809887657 -57.67557501697809
99.16826744567086 -52.66183551099878
99.28489679246516 -60.81079237509065
99.36820346874681 -58.25048598887736
99.43484880977213 -56.28581425132219
99.50982481842561 -57.69850082892782
99.55980882419459 -58.749873063489694
99.60979282996358 -58.233564353412774
99.71809150912972 -59.19277624510321
99.85138219118036 -57.31871433397401
99.92635819983384 -57.54765900007711
100.0763102171408 -58.12115069081961
100.15961689342244 -54.46116339961476
100.25958490496042 -55.02541008257093
100.34289158124207 -61.23720608783023
100.40120625463922 -60.76396482720442
100.45119026040821 -56.125947610416546
100.52616626906169 -60.864156506181324
100.58448094245884 -58.03665416806225
100.63446494822783 -63.18293176881569
100.70944095688131 -59.38031060823547
100.76775563027846 -62.13842872832346
100.91770764758542 -59.91032131111726
100.96769165335441 -60.66958267260577
101.07599033252055 -59.84581393841356
101.15096634117403 -56.5123199359129
101.25093435271201 -58.36295749776025
101.3925557023908 -60.51314980065868
101.5091850491851 -57.63496896349032
101.59249172546674 -62.316798198821445
101.70079040463288 -62.81459013110843
101.80908908379902 -55.076785146192066
101.92571843059334 -59.88696385538549
101.98403310399048 -59.61321323074734
102.08400111552845 -57.47545529543255
102.14231578892561 -61.00378695830604
102.25061446809175 -43.25710409520988
102.31725980911706 -51.80658974824715
102.38390515014238 -49.934673506061735
102.50886516456485 -51.50790574805778
102.58384117321833 -44.347014275394976
102.65881718187181 -52.300112983756975
102.90040654308858 -59.80607735944594
102.98371321937023 -61.12312642998182
103.06701989565188 -57.704641284019225
103.17531857481801 -59.061152284707504
103.3669239302658 -55.65147677018274
103.43356927129112 -55.148577219011
103.51687594757276 -60.60440100451985
103.56685995334175 -62.7735384861181
103.63350529436707 -59.11786343966443
103.73347330590504 -54.526623014770564
103.89175599084017 -60.052520573337056
103.94173999660916 -61.76187587841604
104.05836934340346 -60.58731387800161
104.13334535205693 -61.49647430001756
104.19999069308226 -56.32502769251186
104.3749347132737 -63.32887550025599
104.4249187190427 -65.34199646786286
104.48323339243984 -63.41667072682701
104.541548065837 -52.15923479428024
104.63318540974682 -57.73378832996582
104.7081614184003 -57.7779367214021
104.78313742705377 -54.74355646656797
104.86644410333543 -60.378518629068125
104.98307345012972 -54.86036602112668
105.04971879115504 -53.606701377993375
105.09970279692402 -58.88614312476042
105.25798548185915 -61.045883610559045
105.34962282576896 -64.02072217277296
105.41626816679428 -61.41084587821895
105.49124417544776 -62.1260309806432
105.57455085172941 -62.02710449196953
105.64119619275472 -58.18728645561492
105.77448687480536 -60.624361136922914
105.857793551087 -59.97919437072889
105.96609223025314 -60.12346576547171
106.04106823890662 -61.219557424578845
106.12437491518827 -61.54672795168294
106.21601225909808 -62.18783837829723
106.31598027063605 -57.93039255803726
106.39095627928953 -62.8844769324848
106.44927095268669 -51.312483604984195
106.515916293712 -59.602069523074675
106.59089230236548 -61.60011936190253
106.72418298441612 -57.95318020841173
106.83248166358226 -63.735644708025774
106.92411900749207 -57.563323306071446
107.04074835428636 -63.917958268599186
107.09906302768351 -62.49363234185581
107.16570836870883 -60.91784526572992
107.2906683831313 -59.22289068411374
107.36564439178478 -61.06695051703824
107.4572817356946 -59.72745239999374
107.55724974723258 -56.18894137392257
107.71553243216769 -56.30023984052493
107.82383111133383 -60.48524844360315
108.04875913729428 -57.39531193043792
108.13206581357592 -55.130067271192345
108.2820178308829 -54.501856648737984
108.44863118344618 -53.64765278234642
108.64023653889396 -59.365894608088254
108.73187388280377 -61.609336334056394
108.80684989145725 -60.73376623074941
108.86516456485441 -62.88556336204774
108.99012457927688 -62.1073572978229
109.09009259081485 -58.930087884018214
109.14007659658384 -63.67441012748298
109.19006060235283 -65.92902824481764
109.24837527574998 -65.08555770836034
109.34001261965979 -57.12620653657676
109.42331929594143 -43.86974406123318
109.5232873074794 -57.10859718349566
109.68156999241454 -62.15427404185316
109.77320733632435 -59.6669475427401
109.82319134209332 -57.071524381489915
109.99813536228478 -56.60648044432464
110.13142604433541 -52.635330481932456
110.20640205298889 -56.02747322376618
110.25638605875788 -55.67083327243813
110.30637006452687 -59.69945782796155
110.38967674080853 -61.187996309669984
110.51463675523098 -62.52732559069255
110.5812820962563 -58.72259374362862
110.68958077542244 -61.01374648842125
110.80621012221674 -62.93577453927824
110.85619412798573 -62.99879094330802
110.92283946901105 -59.75189053860958
111.02280748054902 -59.50865238469451
111.08112215394618 -59.07142866059136
111.14776749497149 -58.1607910115509
111.28105817702213 -58.500410241080765
111.34770351804744 -57.50564400501009
111.43101019432909 -61.76224951161874
111.49765553535441 -58.15494279438796
111.6642688879177 -57.96310658993991
111.74757556419934 -60.26460321977826
111.91418891676263 -60.22922075831293
112.04747959881327 -61.79380889322487
112.11412493983858 -58.34278792123794
112.26407695714555 -58.44362675305162
112.35571430105536 -58.6621365543732
112.44735164496517 -59.6550174349812
112.52232765361865 -58.1666268267238
112.66394900329745 -63.51038299590953
112.76391701483541 -61.925647465890535
112.83056235586074 -53.68134814556556
113.10547438759016 -60.26432779718651
113.18878106387182 -60.589909673274065
113.25542640489712 -67.61276085087599
113.38871708694776 -59.554544014772155
113.59698377765187 -60.30356047203402
113.71361312444617 -61.219442199764764
113.79691980072782 -58.7176935044553
113.86356514175314 -62.57197312350057
113.91354914752212 -63.123612126317205
114.03017849431643 -57.57696934744082
114.21345318213605 -59.656848797844546
114.28009852316137 -62.14356381553298
114.38839720232751 -60.08480631101412
114.60499456065979 -58.69532223862289
114.71329323982592 -61.541507193017225
114.7632772455949 -61.33671489278918
114.8132612513639 -61.78298815017715
114.88823726001738 -62.75068548452473
115.03818927732434 -60.45674213245719
115.1631492917468 -59.299662888401414
115.27144797091294 -61.371868947944705
115.33809331193827 -55.6264824081076
115.39640798533541 -60.654067473110615
115.4463919911044 -60.3961912758301
115.54636000264237 -53.590910572163764
115.62133601129585 -44.234043258135344
115.76295736097465 -60.93204296705131
115.82960270199997 -59.03148893244698
115.87958670776896 -59.183727027414974
115.92957071353794 -53.76997637775353
116.02120805744775 -64.45848345315311
116.07119206321674 -59.24570436430177
116.1544987394984 -63.282277035627274
116.2961200891772 -59.81381084072965
116.35443476257434 -62.18738727916468
116.5043867798813 -59.23598069387666
116.57936278853478 -59.54673582354479
116.67933080007276 -57.216918472285485
116.7626374763544 -61.395343558570865
116.91258949366137 -57.50630940783316
116.99589616994301 -54.27221619506597
117.045880175712 -57.8669812462951
117.12918685199364 -59.99052066655382
117.22082419590345 -62.54909769786471
117.3041308721851 -56.717946999182686
117.38743754846675 -56.09006766014235
117.46241355712023 -57.19975928598988
117.62069624205536 -61.6700340765756
117.74565625647782 -61.09507789364875
117.80397092987498 -60.850626462221776
117.88727760615662 -61.77530529366151
117.97891495006643 -66.55177397637081
118.0538909587199 -65.71324435779434
118.13719763500156 -65.43187263947812
118.26215764942403 -60.261529751143186
118.34546432570566 -65.40585959329178
118.46209367249998 -60.15969089596756
118.53706968115345 -63.23311114009116
118.6453683603196 -62.19630117444221
118.71201370134492 -61.90367914235448
118.7869897099984 -62.85591758883419
118.8536350510237 -61.10936149993688
119.03690973884332 -58.47003414982907
119.2784991000601 -62.64138132061582
119.33681377345725 -61.09252103872273
119.51175779364871 -60.48777335414596
119.57840313467402 -60.3626627364335
119.69503248146833 -53.35591766330342
119.78666982537814 -63.17781168083037
119.86997650165978 -54.27568784648081
119.97827518082592 -59.19476146614015
120.09490452762023 -61.522407828245626
120.16988053627371 -61.70012120137423
120.26151788018352 -44.30955043825766
120.39480856223415 -57.931519809014404
120.56142191479744 -63.728066503319596
120.66972059396358 -60.016859613918726
120.75302727024523 -57.26454932201779
120.8280032788987 -61.96074575629681
120.96129396094933 -55.547360984187726
121.0862539753718 -57.30364959751901
121.17789131928161 -55.650643470362226
121.26119799556326 -58.20274316797426
121.3694966747294 -56.05806086529026
121.44447268338288 -61.84318990337196
121.5111180244082 -61.362339531226375
121.59442470068984 -63.838711274171615
121.64440870645883 -61.90188059227459
121.69439271222782 -58.64249303961911
121.75270738562497 -57.88822288075282
121.86933673241927 -59.28735751187769
122.06094208786706 -59.56306956063639
122.1692407670332 -61.83814519527271
122.24421677568668 -62.874118241439774
122.31919278434016 -62.2198735199214
122.45248346639079 -59.62360525786398
122.51912880741611 -59.387868302825595
122.62742748658225 -63.82201942624637
122.6857421599794 -62.799870004187525
122.76904883626105 -58.790489668245755
122.86068618017086 -60.02009891157573
122.96065419170883 -56.0186369925134
123.01896886510599 -60.940000436522574
123.06895287087497 -61.010745497152435
123.14392887952845 -60.66763912832275
123.2272355558101 -61.6736049960031
123.3188728997199 -63.18271940272807
123.41884091125789 -63.13348118675648
123.4854862522832 -63.89925223247768
123.67709160773099 -61.74101421407422
123.78539028689713 -58.17077643660245
123.91868096894775 -60.39495705802522
123.99365697760123 -63.1679640542163
124.04364098337022 -62.91226911093791
124.1686009977927 -60.629613483506404
124.34354501798416 -60.90080741059598
124.41019035900946 -64.9649846198247
124.48516636766294 -64.3150877554102
124.56847304394459 -60.19298168614765
124.7100943936234 -61.396985002612624
124.81006240516136 -62.68620084521767
125.04332109874997 -59.4260313115212
125.11829710740345 -59.827206138072114
125.2016037836851 -61.03142093445928
125.38487847150472 -62.226453053929205
125.50150781829902 -58.84149220087865
125.61813716509333 -63.53763487906343
125.70144384137497 -61.71670386704641
125.76808918240029 -59.89580782620873
125.87638786156643 -60.5025624339099
126.0013478759889 -60.710570371306225
126.0679932170142 -54.41687496855405
126.21794523432118 -59.44852155144463
126.27625990771833 -61.557917602873005
126.35956658399996 -58.36240510954707
126.43454259265346 -54.04967694382382
126.50118793367876 -48.937634677879956
126.6094866128449 -60.94806955751242
126.66780128624205 -56.583254601349026
126.73444662726737 -58.33704545146212
126.867737309318 -51.68875690810288
126.96770532085598 -61.045499934039086
127.0593426647658 -60.88079039785683
127.12598800579111 -57.18457973277636
127.23428668495725 -58.6394301034841
127.36757736700788 -57.65392631541958
127.47587604617402 -60.6416542005432
127.52586005194301 -60.53825717792786
127.63415873110915 -59.29152507449473
127.80077208367244 -60.74630514285805
127.85075608944143 -61.02690971426565
127.90907076283858 -62.02143379485847
127.96738543623573 -62.079394370459184
128.03403077726105 -61.55213578150576
128.0923454506582 -62.91381244806071
128.15066012405535 -58.95483150122348
128.24229746796516 -62.04119304272693
128.38391881764394 -53.60092032975521
128.48388682918193 -56.72868087877301
128.57552417309174 -61.00875585622085
128.65050018174523 -62.07551776232829
128.7004841875142 -64.15467172612202
128.76712952853953 -61.97311295133416
128.85043620482116 -66.74630747066655
128.90042021059017 -62.351016769072274
128.99205755449998 -61.99391018185616
129.13367890417877 -63.1364233218612
129.25030825097306 -57.112465303607294
129.35860693013922 -59.07649801034792
129.54188161795884 -56.51404363589337
129.63351896186865 -66.6694750493812
129.6918336352658 -61.770468791231025
129.85011632020093 -60.39235714138073
129.9750763346234 -61.578716965300615
130.05005234327686 -62.30385828885434
130.10003634904587 -60.69706874425058
130.20000436058382 -57.17656196998368
130.33329504263446 -59.85722089548132
130.4166017189161 -61.49260710547977
130.62486840962023 -58.967703461825344
130.73316708878636 -62.79177992596103
130.83313510032434 -61.335300014100156
130.89978044134966 -61.55169912724507
131.08305512916928 -55.3475353370618
131.1913538083354 -61.667210794955054
131.3079831551297 -59.799385645539125
131.39962049903951 -51.51770958049633
131.55790318397464 -63.27294410524672
131.65787119551263 -61.9544487295492
131.71618586890978 -59.22238436460078
131.79116187756327 -64.50734247339433
131.86613788621673 -64.01658895485461
131.9744365653829 -61.23248600707516
132.05774324166453 -60.385168390064514
132.1077272474335 -60.793548192403335
132.24101792948414 -57.97992537897959
132.40763128204745 -61.30940432736029
132.4826072907009 -57.47176908646408
132.54092196409806 -60.56658231771485
132.79917266057117 -59.68249804312574
132.89914067210916 -60.093170906849984
132.9991086836471 -57.58649030435826
133.05742335704429 -61.76598864133797
133.1657220362104 -60.768051711094564
133.22403670960756 -62.56600954302467
133.31567405351737 -59.916629304546454
133.37398872691452 -57.750796805922676
133.45729540319618 -65.70334745923533
133.57392474999048 -60.978241675231345
133.62390875575946 -59.92939315507539
133.69888476441295 -63.64718684916546
133.7988527759509 -64.99947999908613
133.8738287846044 -62.018466372155544
134.05710347242402 -58.44334865897171
134.14041014870566 -63.930892187242165
134.1987248221028 -52.79262700571635
134.29869283364079 -64.65995099995091
134.3486768394098 -60.72451625906568
134.5319515272294 -56.185641287640976
134.61525820351105 -35.70216916809363
134.765210220818 -60.95925474275907
134.83185556184333 -63.41425793306419
134.89850090286865 -59.01614750844186
135.00679958203477 -63.076924207732894
135.0901062583164 -59.07868571684304
135.17341293459808 -62.707525762484636
135.27338094613606 -60.28866945916693
135.34835695478952 -61.15198491437646
135.43166363107116 -61.32671443226848
135.53163164260914 -59.07966763363067
135.6815836599161 -61.75871293569391
135.7732210038259 -65.2535739663524
135.83153567722306 -60.88584984061833
135.91484235350472 -60.26263926703345
136.00647969741453 -57.78619341100284
136.07312503843985 -61.795396946446616
136.18142371760598 -59.650046659360534
136.26473039388762 -58.884225517020795
136.34803707016928 -55.95756019706084
136.4396744140791 -59.14017422345254
136.56463442850156 -60.40613760348063
136.63961043715503 -61.955124392837405
136.69792511055218 -61.137615362245626
136.77290111920567 -66.2161122123846
136.839546460231 -62.260892707158746
136.89786113362814 -65.29386591857316
137.00615981279427 -61.34368857424326
137.08946648907593 -56.839374237260394
137.15611183010122 -65.79832531525027
137.2394185063829 -63.1894144888566
137.36437852080536 -61.61174349724412
137.43935452945883 -59.6546355975136
137.55598387625312 -62.72364982389956
137.63095988490662 -60.24391756639907
137.6809438906756 -59.37568000731066
137.73925856407274 -62.772061370452505
137.8642185784952 -48.966117329649784
137.98917859291768 -62.59381039724026
138.13913061022464 -49.92169264434368
138.21410661887813 -60.70205781984988
138.2640906246471 -64.2229522777327
138.38071997144144 -62.29076188490068
138.43903464483859 -62.4712813100497
138.5306719887484 -64.29912511756663
138.6223093326582 -60.660981579488606
138.70561600893984 -62.400466389731726
138.81391468810597 -60.82146974677356
138.88889069675946 -62.383341010668886
138.9721973730411 -62.6797977544426
139.08882671983542 -64.74281672114853
139.1388107256044 -62.591736465149836
139.18879473137338 -62.63808566051965
139.24710940477053 -59.88569168886198
139.33874674868034 -62.90609210617799
139.50536010124364 -62.244954395772076
139.57200544226896 -64.23144232036898
139.63865078329428 -63.30311797792331
139.8219254711139 -42.67445536833819
139.94688548553637 -62.93307013096737
140.01353082656166 -57.39147648266747
140.11349883809964 -62.689709770437084
140.21346684963763 -63.05577654718955
140.28011219066295 -60.593427875587565
140.37174953457276 -58.700268071334875
140.47171754611074 -59.230753077030506
140.52170155187972 -56.631751744479715
140.61333889578952 -61.522603787672956
140.6633229015585 -61.31381169010882
140.78828291598097 -61.23981189579827
140.8549282570063 -59.20181818092617
141.05486428008226 -60.35412492583106
141.10484828585123 -61.649602532009965
141.24646963553002 -63.30999430633594
141.37976031758066 -60.19100935610886
141.52138166725945 -64.03039392631241
141.6296803464256 -58.82749629973489
141.69632568745092 -58.580032085575695
141.82961636950154 -63.141757744684845
141.92125371341135 -59.24119877424485
142.03788306020567 -64.9286754482257
142.08786706597465 -66.05699726607688
142.16284307462814 -63.71454130792643
142.2878030890506 -64.46845495819795
142.4044324358449 -67.58358654829628
142.47940844449838 -63.40937499001916
142.55438445315187 -62.65822827013317
142.60436845892085 -62.658758765617506
142.70433647045883 -61.86885394147541
142.81263514962495 -61.891534285989025
142.87094982302213 -64.63820517751957
142.95425649930377 -59.857712594261905
143.0375631755854 -58.262035484947425
143.1125391842389 -60.2237320518808
143.32913654257118 -62.47465496656194
143.45409655699365 -64.3367418974468
143.53740323327528 -57.279809235974646
143.63737124481327 -63.87497386777731
143.71234725346673 -61.97040762914904
143.85396860314555 -59.24108022795159
143.92061394417084 -64.66068068572545
143.97059794993984 -67.59276689300434
144.0455739585933 -62.380363521546386
144.20385664352844 -62.132534823512984
144.32048599032274 -65.48105929298956
144.38713133134806 -65.05769620876882
144.46210734000155 -63.678265808424435
144.53708334865502 -62.321866763523005
144.62872069256483 -62.75138240913316
144.77034204224364 -61.95506628557882
144.88697138903794 -60.79927727010449
144.9452860624351 -58.91143658533373
145.14522208551105 -57.370289428539905
145.23685942942086 -62.65047050166533
145.295174102818 -50.67389249156122
145.44512612012497 -15.693175336617916
145.50344079352212 -60.93861942456603
145.59507813743193 -59.07617758838187
145.70337681659808 -61.54703691883195
145.90331283967402 -57.90135768524392
146.003280851212 -56.36723562351621
146.0949181951218 -65.68519416527462
146.17822487140344 -62.60932152794069
146.27819288294143 -60.16236593632499
146.39482222973572 -61.77056784623707
146.5197822441582 -58.18349074290432
146.611419588068 -62.967567154793926
146.69472626434964 -64.39152947769894
146.8030249435158 -57.86847865707324
146.88633161979743 -62.8439367512053
146.97796896370724 -61.49543871008379
147.06127563998888 -61.695503371670625
147.18623565441135 -62.003323336131224
147.25288099543667 -49.22171662737831
147.32785700409016 -60.4776178770329
147.42782501562814 -59.23317436552633
147.5777770329351 -59.347777032765464
147.62776103870408 -60.89653208700989
147.77771305601104 -64.76905801145769
147.87768106754902 -62.15893538432908
147.94432640857434 -63.25136170390546
148.05262508774047 -64.1015666445735
148.1859157697911 -61.2008943295301
148.31920645184175 -63.58882030338782
148.38585179286704 -62.52928419935102
148.4691584691487 -65.0362683223098
148.5191424749177 -66.082259227535
148.59411848357118 -64.05984522945013
148.65243315696833 -66.50255199127199
148.71074783036548 -61.82632304346072
148.7773931713908 -61.655501986857516
148.8690305153006 -65.30338588269375
148.96899852683856 -55.512366625029024
149.06896653837654 -55.52804205939196
149.13561187940186 -65.27634046165696
149.26057189382433 -41.2698795128416
149.36887057299046 -67.43070813047082
149.44384658164395 -58.90399310366427
149.5021612550411 -63.588664234770455
149.5937985989509 -60.03165064088475
149.70209727811707 -62.75895845075203
149.82705729253954 -61.558784392872084
149.9270253040775 -65.9459403759167
149.98533997747464 -63.097658153273144
150.08530798901262 -64.84687355817701
150.24359067394775 -62.90665703980456
150.29357467971673 -62.62405542519737
150.36855068837022 -60.8626435785479
150.45185736465186 -62.801306707818455
150.560156043818 -60.71973636298546
150.66845472298414 -66.87038639551719
150.76842273452212 -60.83219883885158
150.84339874317558 -60.733414771627835
150.94336675471357 -64.34162271395175
151.06832676913604 -46.57069620946225
151.1932867835585 -62.38426207618239
151.25160145695565 -62.451430406189886
151.31824679798098 -61.875619256143004
151.44320681240345 -63.23350633223118
151.58482816208223 -60.51769462052291
151.70145750887656 -63.55234456664824
151.7847641851582 -63.17625565396797
151.89306286432432 -61.75064002676501
152.00136154349048 -66.12808451079962
152.17630556368192 -63.48097031237437
152.23462023707907 -66.47388230762851
152.49287093355218 -40.81702986678037
152.62616161560283 -64.44617776083827
152.75945229765344 -60.73917924121466
152.85108964156325 -62.284890787712435
153.06768699989553 -51.36239921372013
153.12600167329268 -62.2232288701957
153.192647014318 -60.58785164257049
153.29261502585598 -61.46255488102919
153.44256704316294 -66.17661384949882
153.51754305181643 -64.055506628163
153.65916440149522 -62.514730740134496
153.84243908931484 -61.25100439921926
153.92574576559647 -61.605117404339474
154.00905244187814 -66.00221970100093
154.0840284505316 -60.452448832295616
154.1340124563006 -62.942316930257434
154.22564980021042 -66.07034845226623
154.32561781174837 -59.75275726418449
154.4839004966835 -63.36469349525351
154.54221517008065 -56.622010667115646
154.6005298434778 -64.3372513741341
154.7504818607848 -64.90112287289212
154.81712720181008 -62.33487408230979
154.8837725428354 -58.27725868454393
155.02539389251422 -61.22745184571719
155.0753778982832 -62.15408106546957
155.18367657744932 -64.16825012078314
155.23366058321832 -63.30235591618012
155.32529792712813 -59.43546158325145
155.40860460340977 -63.086646193555765
155.45858860917875 -61.62986355804624
155.51690328257592 -62.13311671866003
155.58354862360122 -66.59872221252758
155.7085086380237 -62.34217171974187
155.8001459819335 -62.725504938751236
155.95009799924048 -60.91217843376832
156.02507400789395 -58.89032772009992
156.14170335468825 -62.86776457643402
156.2749940367389 -54.763575699285
156.35830071302053 -56.91628993166042
156.4582687245585 -60.94471088972824
156.533244733212 -59.848868328614856
156.6915274181471 -53.65383221188803
156.83314876782592 -58.128468047923235
156.98310078513288 -62.84583375813589
157.14971413769618 -63.6148375268633
157.20802881109333 -65.078796098472
157.27467415211862 -60.51003132331534
157.3996341665411 -65.89947276954148
157.45794883993827 -63.27940255920602
157.5829088543607 -57.594531999912526
157.6578848630142 -64.66130471661421
157.799506212693 -60.42562153224584
157.88281288897466 -57.45281977006674
157.95778889762812 -60.85922671981806
158.00777290339713 -61.88540432301434
158.07441824442242 -61.82413860752101
158.16605558833226 -63.663363211316835
158.2493622646139 -63.406001728949796
158.32433827326736 -62.68535536265393
158.40764494954902 -56.66422878527833
158.55759696685598 -67.2695593251336
158.6492343107658 -58.90824463376897
158.69921831653477 -57.03996277889046
158.79085566044458 -58.9989444790005
158.90748500723888 -60.76028662038815
159.0241143540332 -62.93775601073833
159.1823970389683 -66.18020252922958
159.2740343828781 -63.018867824391194
159.38233306204427 -60.187541468555885
159.47397040595408 -60.58045383069225
159.53228507935123 -60.31001333493316
159.5822690851202 -57.257076238254754
159.67390642903 -65.3750063676664
159.80719711108065 -57.7254139421477
159.87384245210598 -64.273424952099
159.99047179890027 -62.10921923344307
160.08210914281008 -63.80329622288791
160.23206116011704 -58.12160791118203
160.29870650114236 -57.379748465999356
160.44032785082118 -63.01305472976986
160.49864252421833 -63.36163027075866
160.5486265299873 -62.0374773102225
160.59861053575628 -60.92689394588376
160.69857854729426 -58.88277995789758
160.76522388831958 -60.302636043831875
160.8318692293449 -67.3542323426495
160.90684523799837 -67.01647774387894
160.95682924376737 -65.26095753738988
161.05679725530536 -60.30228785669084
161.1151119287025 -64.13165193044978
161.1817572697278 -66.49191418024958
161.2317412754968 -66.3263081121577
161.3233786194066 -64.92734756732398
161.39835462806008 -60.65213632093591
161.50665330722623 -64.91617750049114
161.58995998350787 -60.87596241241115
161.7232506655585 -61.49298031830394
161.83154934472464 -59.903303233603964
161.89819468574996 -61.879613964203095
162.02315470017243 -60.83295768732752
162.08146937356958 -66.40635764622056
162.17310671747938 -59.83473322838926
162.3147280671582 -60.52945002479114
162.4313574139525 -59.84468461170768
162.50633342260596 -59.36049750539898
162.55631742837497 -64.63415918644321
162.6229627694003 -64.37880624086189
162.69793877805375 -64.18725852872069
162.76458411907907 -67.91362002025075
162.85622146298888 -66.75578274822175
162.97285080978318 -65.00418468770518
163.064488153693 -63.29675598591215
163.16445616523097 -62.278541063353636
163.2477628415126 -58.22788777540087
163.3477308530506 -63.48442318587662
163.47269086747306 -60.23685801784323
163.56432821138287 -63.099347464763525
163.62264288478002 -59.186496321029914
163.76426423445884 -54.90408145577011
163.84757091074047 -62.54553128680581
164.02251493093192 -51.1693841922017
164.15580561298256 -60.38261276045986
164.2391122892642 -57.921152553458256
164.330749633174 -58.58440484810963
164.38906430657116 -63.12095711444919
164.45570964759648 -55.08989925514827
164.59733099727526 -58.01530232435138
164.70562967644142 -61.314280297153594
164.82225902323572 -59.42642579596097
164.88890436426104 -64.13695799303424
164.98054170817085 -66.11784328726473
165.07217905208066 -62.60800534716702
165.16381639599047 -67.79322955264966
165.21380040175944 -67.49664080556316
165.28044574278476 -67.47115321038935
165.38041375432275 -54.758125930290404
165.52203510400153 -63.63038759501316
165.646995118424 -58.80405928162253
165.74696312996198 -62.054400560013576
165.83026980624362 -61.516111910453475
165.9302378177816 -63.11472546996518
166.0218751616914 -61.21597228729012
166.08852050271673 -63.79776642659592
166.19681918188286 -61.68539851945765
166.27179519053635 -61.10236832212117
166.45506987835597 -61.66226799060926
166.60502189566293 -57.2508433403665
166.72165124245723 -64.65414862219906
166.77163524822623 -58.753365131761576
166.8466112568797 -51.14091499028098
166.97990193893034 -64.76163402051027
167.04654727995566 -61.79778032523952
167.1048619533528 -60.867057317912966
167.2464833030316 -64.50898401210306
167.37977398508224 -58.275086702010476
167.5047339995047 -64.00588837534659
167.58804067578635 -63.74892256940049
167.66301668443984 -63.44300364531837
167.72966202546516 -61.622813152488646
167.77964603123414 -60.489496305503266
167.93792871616927 -61.513107172789184
168.0045740571946 -63.48814772018261
168.12953407161706 -62.34922068830687
168.27115542129584 -56.59697892937242
168.4211074386028 -38.89857038477246
168.6127127940506 -58.4046052970379
168.67935813507592 -62.32225076188694
168.82931015238287 -60.579301549582
168.92927816392086 -62.85943480115762
168.987592837318 -64.35153230957074
169.04590751071515 -63.10302414874706
169.14587552225314 -61.525249560428946
169.1958595280221 -60.834449510140516
169.2958275395601 -63.03148725141136
169.4124568863544 -58.59293894118446
169.52075556552052 -61.594407769271776
169.72069158859648 -58.669697020700696
169.79566759724997 -61.78548315229963
169.86231293827527 -65.52632340910307
169.91229694404427 -64.46483053313835
169.97061161744142 -67.32561767914626
170.05391829372306 -64.93280024324402
170.17887830814553 -61.39983097477404
170.37048366359332 -61.3751806123117
170.4954436780158 -60.5170321780184
170.5620890190411 -63.19111109459941
170.63706502769458 -59.53762865023726
170.72870237160438 -62.3931873151842
170.78701704500153 -61.32987891219006
170.9369690623085 -64.31047353352676
171.04526774147465 -61.41981864328542
171.09525174724362 -58.738418589411374
171.1952197587816 -54.36622589098086
171.3118491055759 -62.96835908951189
171.39515578185757 -62.67024134641935
171.52011579628 -61.840312075211074
171.61175314018985 -61.86431413460954
171.67839848121514 -61.32556328807414
171.77003582512495 -63.37435393644742
171.87000383666293 -60.33367339299254
172.1115931978797 -63.370770143013864
172.17823853890502 -61.86061926642508
172.3198598885838 -62.091860624739475
172.3698438943528 -59.397313927378136
172.45315057063445 -59.98230207081753
172.5864412526851 -63.435425524663465
172.6530865937104 -62.15299908513187
172.71140126710756 -64.88239029884188
172.7947079433892 -61.85875954500162
172.90300662255535 -60.36749034561942
173.1029426456313 -61.08026181419805
173.17791865428478 -64.38944263726702
173.23623332768193 -63.53904305475683
173.3112093363354 -64.54477197791148
173.37785467736072 -60.35248134355097
173.44450001838604 -60.261623427352276
173.57779070043668 -62.2540509935656
173.72774271774364 -62.237448976601314
173.84437206453794 -63.71378966212933
173.8943560703069 -60.559843773275944
173.96100141133223 -62.234651533178315
174.04430808761387 -58.463965152596735
174.1109534286392 -65.42462612697184
174.1775987696645 -67.25717349031511
174.26923611357432 -64.65994948551467
174.33588145459964 -66.54921866211328
174.38586546036862 -67.16535204119289
174.54414814530375 -61.49423236734349
174.61079348632907 -64.49963532779029
174.71909216549523 -63.65580070514824
174.81072950940504 -59.73739046259315
174.91902818857116 -64.35957409157709
175.01066553248097 -62.19920935922072
175.06898020587812 -61.91239686542662
175.17727888504427 -66.44114472395292
175.26891622895408 -61.2128117409598
175.34389223760755 -61.30367549052323
175.4271989138892 -66.4043688728543
175.51050559017085 -62.984405600432744
175.61047360170883 -61.94441973899256
175.7104416132468 -60.104704836297785
175.76875628664394 -59.25096423911792
175.86872429818192 -62.850644838301065
175.93536963920724 -63.901497063450854
176.0603296536297 -64.43574543613134
176.11864432702686 -61.75244020145192
176.2019510033085 -61.25684888848845
176.31858035010282 -63.390578944113514
176.37689502349997 -63.30739068977438
176.4851937026661 -64.6935097452437
176.53517770843507 -63.49368102707067
176.6767990581139 -59.962741734635784
176.8600737459335 -56.38926196411344
176.9600417574715 -52.57654637021814
177.08500177189396 -61.59476244840229
177.15997778054742 -60.571199171764704
177.21829245394457 -63.594458903408295
177.29326846259806 -65.3834120413276
177.34325246836704 -64.01870175358172
177.41822847702053 -67.13549404088502
177.50153515330217 -63.90690703773547
177.5681804943275 -59.950391798766
177.67647917349362 -43.885868077771136
177.79310852028794 -62.781781166188885
177.93472986996673 -62.78006279278748
178.01803654624837 -60.854471266579495
178.06802055201737 -60.02552579960059
178.251295239837 -65.88368849788799
178.35959391900312 -64.57360096524548
178.42623926002844 -63.68722664917853
178.4845539334256 -66.62349283362776
178.55952994207908 -61.93575482999659
178.61784461547623 -61.372029362057596
178.67615928887338 -60.994224129234674
178.7677966327832 -62.92399759408479
178.85110330906483 -58.33936197313443
178.9344099853465 -65.31411417634753
179.07603133502528 -62.02693443060429
179.1676686789351 -63.87022317659991
179.2343140199604 -64.94771718749868
179.3759353696392 -61.927127770202226
179.43425004303634 -62.107185180541805
179.50089538406166 -63.32477584035842
179.6591780689968 -62.068519791236156
179.71749274239394 -61.714921235611584
179.8507834244446 -60.02773290924179
179.96741277123888 -64.74685233663222
180.05071944752052 -66.56892548982908
180.1506874590585 -59.8790092868924
180.27564747348097 -46.67400959373569
180.36728481739078 -62.91025135870982
180.42559949078793 -69.83961665354317
180.49224483181325 -67.88544427748575
180.5755515080949 -61.06659147480193
180.63386618149204 -54.91518194800538
180.7588261959145 -58.05415820555336
180.81714086931166 -65.26345852729975
180.89211687796515 -64.46961098230256
180.9754235542468 -64.98611613181656
181.05039956290028 -64.48900945138233
181.1170449039256 -67.46275278436657
181.20035158020724 -65.29644868295578
181.2586662536044 -62.83933427675358
181.36696493277051 -62.970137179610006
181.47526361193667 -60.228973924686414
181.6085542939873 -66.03633024091499
181.6751996350126 -65.19747496039632
181.7501756436661 -60.86018293867693
181.80849031706325 -63.284849233032105
181.95011166674206 -63.66376425720485
182.04174901065187 -64.25143676281746
182.09173301642085 -63.896543462025335
182.19170102795883 -62.888850680269115
182.3166610423813 -64.46712118958104
182.44162105680377 -59.741864156410564
182.49160506257275 -63.59939002473739
182.60823440936704 -58.71972041327055
182.69154108564868 -64.37533467748852
182.808170432443 -63.89689142845882
182.89980777635282 -62.849834690052816
183.0664211289161 -59.04550719303536
183.1830504757104 -64.98117921410903
183.24136514910757 -70.55510479240859
183.35799449590186 -64.13098185021676
183.40797850167084 -61.79135425285017
183.48295451032433 -64.2703161159246
183.6745598657721 -61.86109619173013
183.8161812154509 -66.80333540614426
183.89948789173255 -62.65226459462441
183.96613323275787 -60.43872557638336
184.074431911924 -68.12051924146428
184.13274658532117 -65.34056805863267
184.2160532616028 -63.63797360337516
184.39099728179426 -57.9281814943477
184.50762662858855 -62.08905693274909
184.58260263724205 -65.46603126717879
184.6409173106392 -68.91415966853617
184.72422398692083 -64.0864755935507
184.8741760042278 -62.4252699142967
184.9241600099968 -58.25225397767881
185.06578135967558 -61.49088508793254
185.2490560474952 -60.953475818540824
185.39900806480216 -64.32908189165363
185.48231474108383 -63.748288999020694
185.6072747555063 -62.414557111300724
185.8405334490949 -60.49086756453859
185.98215479877368 -63.962011749614135
186.03213880454268 -63.65852462865979
186.098784145568 -63.89193084748097
186.25706683050313 -61.51781396135159
186.34870417441294 -58.73056262843004
186.4486721859509 -64.72605346349114
186.57363220037337 -65.68914880391169
186.63194687377052 -64.8244531775848
186.68193087953952 -65.2874633638613
186.756906888193 -68.5622078087765
186.86520556735914 -60.81019600306786
186.98183491415344 -62.32950020813354
187.03181891992242 -67.80326031346398
187.08180292569142 -66.97752544565743
187.14011759908857 -60.258434028240885
187.19843227248572 -62.63778681106074
187.27340828113918 -64.89152925779685
187.34838428979268 -62.097400655362584
187.57331231575313 -68.59018955814305
187.6232963215221 -66.80419324349127
187.7399256683164 -68.20324784126771
187.85655501511073 -61.77801767858966
187.97318436190503 -63.80254499393455
188.03149903530218 -66.12873918802046
188.13146704684016 -63.8176510418175
188.20644305549362 -53.42505400630926
188.3064110670316 -64.43349104327646
188.38971774331324 -62.258472271099265
188.5146777577357 -55.42928654329087
188.57299243113286 -63.290290744933834
188.63963777215818 -49.91624520996972
188.81458179234963 -56.274889310008824
188.8978884686313 -64.49740857855605
189.03950981831008 -69.62387529582917
189.09782449170723 -57.655042041247235
189.18113116798887 -63.967731256477165
189.34774452055217 -61.535567527190636
189.5060272054873 -67.70473904803832
189.58100321414076 -61.884313398896104
189.63931788753794 -64.96052492823436
189.9058992516392 -58.237972627972646
190.1141659423433 -56.54174475477479
190.22246462150946 -66.99577367982971
190.29744063016292 -65.60731632152665
190.35575530356007 -64.9691754246729
190.52236865612338 -65.3571418166713
190.64732867054585 -65.63659961832303
190.73063534682748 -62.7473637328476
190.78895002022463 -65.59599153025674
190.9888860433006 -58.515842724998144
191.17216073112021 -63.23178469765124
191.37209675419615 -47.157095739985195
191.5970247801566 -61.71868810178708
191.64700878592558 -64.57170311595284
191.73031546220724 -62.1829046369724
191.81362213848888 -58.704840448968355
191.94691282053952 -60.50820735736957
192.03021949682116 -49.91504571938859
192.15517951124363 -65.75191768510173
192.2801395256661 -56.752644355457385
192.46341421348572 -62.249724302558924
192.58004356028002 -57.131188993537954
192.76331824809964 -61.12190379262121
192.92993160066294 -60.71461137902642
193.0965449532262 -59.62664074737863
193.17985162950788 -60.00039163480257
193.3131423115585 -62.61163996648226
193.42144099072465 -64.58802347375043
193.51307833463446 -63.779219049707564
193.56306234040343 -65.37235644538022
193.65469968431324 -60.27148668097939
193.72134502533856 -60.399332782461315
193.7796596987357 -66.40327553106876
193.8546357073892 -53.73854632310458
193.92961171604267 -26.438326692752273
194.00458772469617 -53.886538407206245
194.17120107725944 -56.446583711973744
194.24617708591293 -63.66556374900916
194.34614509745091 -64.80509206331351
194.43778244136072 -63.41480781530109
194.55441178815502 -61.578773611796045
194.61272646155217 -67.71275290409456
194.6793718025775 -60.115738898308
194.82099315225628 -62.599581514524516
194.87097715802528 -64.95832120212695
194.99593717244775 -62.91062482487946
195.0959051839857 -63.87545709078299
195.15421985738286 -61.74697886632856
195.21253453078 -63.60213017192449
195.3041718746898 -61.17176001717064
195.42080122148414 -64.93054361352092
195.55409190353475 -41.34942402265959
195.6623905827009 -63.88639236352912
195.73736659135437 -56.923961392703845
195.83733460289235 -47.697326036911704
195.91231061154585 -60.47916822115696
196.00394795545566 -61.74257166536389
196.15389997276262 -67.19832395126866
196.2038839785316 -65.33722015249792
196.3704973310949 -64.86206392989027
196.4871266778892 -58.71941682001736
196.61208669231166 -64.31735415678492
196.70372403622147 -66.49185870117678
196.82035338301577 -62.67212967678021
196.89532939166926 -64.63919854379208
196.97030540032273 -62.994006444208665
197.06194274423254 -66.77812270771088
197.16191075577052 -60.135991936516355
197.25354809968033 -66.57007325788939
197.32019344070565 -66.27612229600598
197.43682278749995 -66.88172321739076
197.4951374608971 -61.62618661610069
197.5451214666661 -58.365963201694626
197.67841214871672 -62.5762209920525
197.73672682211387 -63.90398900383103
197.78671082788287 -64.35281935205128
197.84502550128002 -62.44443600681915
198.0366308567278 -63.442442332851414
198.19491354166294 -66.47942654435954
198.27822021794458 -63.277936107637956
198.39484956473888 -63.17623611651559
198.45316423813603 -62.76266674433778
198.52814024678952 -67.41821937528917
198.60311625544298 -67.36856404214764
198.67809226409648 -64.25441041423193
198.7697296080063 -64.42880877746302
198.91135095768507 -61.94611776960031
199.04464163973572 -59.511972469261124
199.16127098653 -61.64052486365559
199.2779003333243 -64.51775853849308
199.34454567434963 -41.585984968347454
199.41952168300313 -64.11647935797359
199.4695056887721 -61.29177363965903
199.61945770607906 -57.85284631584885
199.7527483881297 -61.22859456666536
199.869377734924 -61.39277321993879
199.9443537435775 -61.13397267932969
