48.48448559591771 8.55133265792761
48.476154928289546 2.411175124243898
48.492816263545876 -3.5680944823032554
48.46782426066138 -5.529019078379285
48.50114693117404 -8.485549294587942
48.459493593033216 -9.64067891506041
48.509477598802206 -11.552610345213088
48.45116292540505 -12.41995142730973
48.51780826643037 -13.747472684649665
48.442832257776885 -14.43715625529589
48.52613893405853 -15.600541317972848
48.43450159014872 -16.173719072932183
48.534469601686695 -17.06565345098356
48.426170922520555 -17.560973440727725
48.54280026931486 -18.28042201093187
48.4178402548924 -18.726679275407527
48.551130936943025 -19.491586823941805
48.40950958726423 -19.86809485388321
6048.9727408189365 -20.075983940843383
48.55946160457119 -20.32848175580158
48.40117891963607 -20.739622639139892
3097.208933469531 -21.193121792096292
48.567792272199355 -21.34710524390609
48.3928482520079 -21.65177618130628
0.0 -21.786943207509665
2903.279321753488 -22.110340322181784
48.57612293982752 -22.135493650895384
48.384517584379736 -22.46088925857609
48.584453607455686 -22.858754521664906
5952.01210029473 -23.028261168053305
48.37618691675157 -23.16474255286454
48.59278427508385 -23.5231957813295
48.367856249123406 -23.766227785548708
48.601114942712016 -24.154306880018588
48.35952558149524 -24.379361899855194
48.60944561034018 -24.71802816102487
48.351194913867076 -25.001230043769446
5952.003769627101 -25.205507606263488
48.617776277968346 -25.288067819949347
48.34286424623891 -25.4827714890356
48.626106945596504 -25.7668458104066
3194.169573993738 -25.83360377658737
48.334533578610746 -25.9372268530355
2806.318681229281 -26.002243630461482
48.63443761322467 -26.28749581513103
48.32620291098258 -26.543631336427733
48.642768280852835 -26.70722945056081
48.31787224335442 -26.973439705340887
48.651098948481 -27.185926197683553
48.30954157572626 -27.380802528208758
48.659429616109165 -27.61416070847394
48.30121090809809 -27.81668139628247
48.66776028373733 -27.954016105834807
48.29288024046993 -28.09510941684517
48.676090951365495 -28.413598418936317
48.28454957284176 -28.485468477586036
48.68442161899366 -28.724508255654673
48.2762189052136 -28.844527830469584
48.692752286621825 -29.11093971816431
48.26788823758543 -29.216167933596573
48.70108295424999 -29.44224903477148
48.259557569957266 -29.582021121872984
48.709413621878156 -29.750559993423114
48.2512269023291 -29.92471042439476
11952.500355517748 -30.112932055684702
48.71774428950632 -30.12343219913734
48.242896234700936 -30.21688983439569
48.72607495713448 -30.379169859204154
72.68507505573574 -30.38356577725104
48.23456556707277 -30.51304160440038
2903.2876524211165 -30.568077421796495
12049.460996041957 -30.68112681065069
48.734405624762644 -30.71615269622523
48.226234899444606 -30.857759192495354
48.74273629239081 -30.953272355395754
48.21790423181645 -30.98120089672024
48.751066960018974 -31.23018079247679
48.20957356418828 -31.389596363510123
48.75939762764714 -31.537362773748825
48.20124289656012 -31.61682639889722
6242.902352534979 -31.712138522229182
48.767728295275305 -31.713971510326495
145.44512612012497 -31.76104394228164
48.19291222893195 -31.780341040628862
48.77605896290347 -32.04828178932792
48.784389630531635 -32.08262504507817
48.17625089367562 -32.28953723799379
48.18458156130379 -32.334477068473404
48.7927202981598 -32.45663095739664
48.16792022604746 -32.55129796913102
24.275565468471513 -32.57526291190305
48.801050965787965 -32.6668372416293
5758.082488578687 -32.70566824721734
5.4149339583069604 -32.71207544155259
48.15958955841929 -32.83884380933555
48.80938163341613 -32.84322117057962
242.40576664433223 -32.85108681219662
48.15125889079113 -32.9638925839182
48.817712301044295 -33.15300771704979
3194.1779046613665 -33.182664089577386
