0.016661329834454067 -42.91441428800092
0.16661329834454067 -45.69546268860131
0.4665172353647139 -43.05037696558898
0.7330985127159789 -40.093018052743396
0.9496958005638818 -43.41710647736572
1.1329704287428766 -45.271615146678826
1.282922397252963 -47.84541684782983
1.3828903762596876 -45.8270285724724
1.482858355266412 -48.46965102455766
1.766100962452131 -45.216699167145606
1.8660689414588556 -47.95422105746568
2.0993275591412126 -47.43403223174226
2.215956867982391 -48.89188372837984
2.3992314961613856 -48.71215995323916
2.49919947516811 -44.61347058679383
2.699135433181559 -43.69761630023592
2.815764742022737 -44.5346458833444
3.015700700036186 -46.24151307354293
3.1323300088773647 -49.08341637561073
3.248959317718543 -42.78404142842217
3.4822179354009 -44.69447501330828
3.8154445320899812 -48.30809664717198
3.9987191602689762 -47.635851082627674
4.132009798944608 -50.78214210852363
4.231977777951333 -48.523209146775734
4.63184969397823 -46.05555968281451
4.765140332653863 -46.043719574444104
4.981737620501766 -45.91343302502287
5.08170559950849 -47.931067080173804
5.231657568018577 -47.46304191895254
5.464916185700934 -19.347020614500607
5.648190813879929 -47.27641861741478
5.881449431562285 -49.97782462277706
6.098046719410188 -46.87042935174173
6.364627996761453 -49.50576394814376
6.647870603947172 -46.81852002051553
6.764499912788351 -51.56817624924695
6.931113211132892 -47.990322136353996
7.081065179642978 -49.56793477011051
7.297662467490881 -45.676984076962555
7.5475824150076924 -44.70486509058308
7.8308250221934115 -46.92163963382769
7.964115660869044 -49.278976390715776
8.164051618882493 -50.20978600719222
8.447294226068212 -50.12006987600862
8.630568854247207 -39.23362878663675
9.130408749280829 -45.162843662802594
9.280360717790915 -46.94412264619021
9.496958005638819 -49.40688627281875
9.696893963652267 -45.486850269478936
9.8301846023279 -48.3451386020385
9.99679790067244 -46.71671148320736
10.130088539348073 -41.99514186630485
10.380008486864885 -46.539484731240094
10.52996045537497 -48.833660562894266
10.679912423885057 -49.97073250258575
10.796541732726237 -46.874895227546354
10.97981636090523 -49.75334360292138
11.096445669746409 -46.707947368292224
11.329704287428767 -47.46403077793793
11.42967226643549 -45.01196326455391
11.579624234945577 -49.324440106084396
11.6795922139523 -46.961230728212996
11.79622152279348 -51.63784216489567
12.062802800144745 -49.47110903493139
12.196093438820377 -31.809647224400894
12.612626684681729 -49.00222484978019
12.779239983026269 -50.86223062462367
12.979175941039719 -49.49012832992019
13.179111899053167 -50.672624887047164
13.495677165907795 -51.38903819368659
13.64562913441788 -41.2243946240907
13.762258443259059 -51.35127711704925
13.995517060941417 -49.303087096665635
14.212114348789319 -49.56992967782852
14.412050306802769 -48.77553041630946
14.528679615643947 -52.46960415772837
14.645308924485125 -51.11306269123741
14.761938233326303 -50.32172700635827
14.861906212333029 -49.46026387993487
15.111826159849839 -51.28481778253628
15.278439458194379 -52.901627345199515
15.595004725049007 -34.97898904091197
15.728295363724639 -53.96644270377861
15.828263342731365 -56.711716005055735
16.028199300744813 -50.4595178337697
16.22813525875826 -45.24466762794304
16.361425897433893 -47.372514520711675
16.51137786594398 -55.08106453321747
16.66132983445407 -46.92184229309323
16.927911111805333 -47.565611563765074
17.11118573998433 -51.50193786528817
17.211153718991053 -52.13989004100459
17.361105687501137 -50.3544756232402
17.677670954355765 -52.76802547187827
17.794300263196945 -51.646111225785
18.044220210713753 -52.2645014337712
18.160849519554933 -49.87888182494029
18.277478828396113 -53.84067621184505
18.52739877591292 -53.672087940752604
18.710673404091917 -46.108304701002155
18.84396404276755 -44.928357753967276
18.96059335160873 -45.805275617790244
19.12720664995327 -52.43336385641217
19.41044925713899 -49.391868403950774
19.560401225649073 -46.12701386642064
19.82698250300034 -36.32177283728716
20.076902450517153 -39.645035593374246
20.260177078696145 -45.903997373550695
20.410129047206233 -50.9093384835046
20.61006500521968 -47.0209910805908
20.97661426157767 -44.88020443110606
21.359824847770113 -49.62420777377658
21.55976080578356 -50.74137512474897
21.859664742803737 -46.187346517073145
22.259536658830633 -50.41906936051075
22.359504637837357 -46.82125955579195
22.526117936181898 -52.9825525810082
22.642747245023077 -50.13332436690003
22.7427152240298 -50.14597522715591
23.1425871400567 -44.79372936978919
23.242555119063425 -39.220375770398526
23.50913639641469 -51.95330646480108
23.64242703509032 -49.0604863637736
23.825701663269317 -52.03324603476544
24.308880228468485 -14.787259398376897
24.508816186481933 -48.20093434714156
24.675429484826473 -48.60825270105111
24.87536544283992 -50.35358585939342
25.058640071018917 -47.11718777815939
25.175269379860097 -50.96562472653075
25.30856001853573 -56.2996872042868
25.47517331688027 -45.96821913253331
25.625125285390357 -40.45058631528867
25.77507725390044 -49.32163333191732
26.008335871582798 -48.32780668805751
26.191610499761794 -52.76769051448396
26.408207787609697 -55.98395558165088
26.724773054464325 -50.04581309997266
26.82474103347105 -52.746858756924254
26.974693001981134 -53.030465740460954
27.32458092850467 -58.974832425275345
27.474532897014758 -46.02293521219558
27.674468855028206 -54.876556756513104
27.77443683403493 -57.87047236099625
27.874404813041654 -60.06037029774244
28.05767944122065 -59.25691393548317
28.34092204840637 -50.41014484553928
28.55751933625427 -55.62291885552352
28.657487315260997 -55.441792572936386
28.890745932943354 -56.8901158270263
29.057359231287894 -54.55161300715012
29.323940508639158 -51.403190887354064
29.557199126321514 -54.82896369806868
29.773796414169418 -54.59132781347969
30.107023010858498 -53.815363976857384
30.323620298706402 -38.58376764393998
30.623524235726578 -55.46365040024511
30.80679886390557 -57.896516310571684
30.956750832415658 -58.67722470757745
31.17334812026356 -50.88503248624207
31.289977429104738 -53.15811183429224
31.439929397614826 -52.968647632818346
31.773155994303906 -55.71840873081221
32.106382590992986 -58.820125479279895
32.37296386834425 -55.772528226488625
32.5728998263577 -54.00322427905327
32.77283578437115 -56.821303200216065
33.02275573188796 -45.674800883487606
33.32265966890814 -60.47398089199059
33.45595030758377 -60.1099626302001
33.622563605928306 -56.364006736521944
33.75585424460394 -54.55287963855138
33.855822223610666 -55.795274388754834
34.055758181624114 -55.96669622626327
34.17238749046529 -45.03843948521186
34.339000788809834 -56.909735516139776
34.522275416988826 -53.53449542149286
34.65556605566446 -57.34795838020011
34.905486003181274 -56.40114593479062
35.055437971691354 -54.59068364617883
35.15540595069808 -55.98390282671577
35.27203525953926 -55.92164540218275
35.53861653689052 -56.3382242000089
35.8385204739107 -58.03694261239208
36.08844042142751 -56.281647275953034
36.238392389937594 -58.684896259426964
36.40500568828214 -54.85788348521038
36.53829632695777 -57.16989079867547
36.68824829546786 -51.300485251667396
36.938168242984666 -54.49322184471639
37.12144287116366 -57.98897595854455
37.23807218000484 -57.590439445388846
37.60462143636283 -32.39495305989412
37.737912075038466 -59.81507843404046
37.88786404354855 -55.0329461400913
37.987832022555274 -58.44011328418256
38.10446133139645 -59.88678308312767
38.3043972894099 -57.46022680399121
38.404365268416626 -51.52020706772775
38.77091452477462 -54.46502005559459
38.95418915295361 -54.92305065359814
39.08747979162924 -55.756263482197845
39.37072239881496 -57.826911613429786
39.504013037490594 -60.90294806127223
39.80391697451077 -50.715179340533936
40.02051426235867 -58.146063722691146
40.253772880041026 -56.45659291521007
40.3704021888822 -57.39831328737549
40.57033814689565 -59.89556239834444
40.67030612590238 -57.786927664107786
40.770274104909106 -58.439591822831844
40.93688740325364 -60.07270210837056
41.120162031432635 -55.24145599156927
41.27011399994272 -56.76728579995693
41.586679266797354 -53.66705041496444
41.76995389497635 -59.20313607661988
41.88658320381752 -53.038255496528286
42.003212512658706 -53.08206089689513
42.26979379000997 -55.33279128928521
42.66966570603687 -56.304419489703605
42.869601664050315 -52.14206193295681
43.06953762206376 -49.83125827039664
43.30279623974612 -54.21466771158131
43.536054857428475 -53.073836616643575
43.83595879444865 -49.11564747342989
44.0358947524621 -53.87470181564274
44.25249204031 -54.82282797661151
44.35246001931673 -52.47812188804499
44.55239597733018 -53.51872437110576
44.669025286171355 -58.990204550924176
44.98559055302598 -57.647678627521834
45.13554252153607 -51.38483195346374
45.46876911822515 -54.28768906901114
45.68536640607305 -58.97017676824657
45.86864103425205 -54.571202249687914
45.96860901325877 -56.22774233303207
46.1018996519344 -57.175335728840096
46.26851295027895 -56.95608609101542
46.53509422763021 -56.288063032055476
46.81833683481593 -58.51060154187384
46.95162747349156 -57.18616449424999
47.084918112167195 -53.08733955114025
47.3015154000151 -52.597044279818434
47.518112687863 -52.91752159118534
47.63474199670418 -53.12507653947193
47.751371305545355 -49.310608574443286
47.86800061438654 -51.48667054358989
48.034613912731075 -53.21837881982317
48.18456588124116 -51.1753482935877
48.5344538077647 23.167172017968124
48.80103508511596 -46.53430355553054
49.01763237296387 -51.64264642665135
49.13426168180504 -54.04480524068791
49.28421365031513 -54.15425389975995
49.550794927666395 -52.86647539052883
49.70074689617648 -49.89443540043895
49.834037534852115 -53.959585389920484
49.93400551385884 -56.750666358577355
50.13394147187229 -53.86724025125573
50.3838614193891 -56.06962019253048
50.51715205806473 -58.91102857684266
50.66710402657482 -59.35414778010572
50.76707200558155 -60.57007224497415
50.95034663376054 -56.29310039678937
51.23358924094626 -57.6278066879847
51.45018652879416 -56.02165092344771
51.71676780614543 -56.45991621544843
51.85005844482106 -44.661164950151395
51.95002642382778 -47.742450433129555
52.06665573266896 -64.68871240786382
52.21660770117905 -53.95362622634476
52.39988232935804 -55.80431658495614
52.583156957537035 -56.84065936196008
52.766431585716035 -60.04826321475791
52.88306089455721 -54.610681180553826
53.01635153323284 -55.736034877004045
53.23294882108075 -55.11283774567809
53.41622344925974 -55.77466543210786
53.51619142826647 -55.074604639808236
53.816095365286635 -54.71125269856355
53.93272467412782 -46.77431711100289
54.13266063214127 -58.23541074446405
54.382580579658075 -61.10228722336384
54.56585520783707 -59.758608913058794
54.73246850618161 -57.27927044969461
54.9157431343606 -64.00802878209385
55.049033773036236 -62.06703412746526
55.18232441171187 -58.18969833073111
55.38226036972532 -55.75335292323024
55.63218031724213 -62.4020783233938
55.76547095591776 -65.22006194086507
55.898761594593395 -61.429843156083095
56.132020212275755 -58.80868731734342
56.31529484045475 -56.98298746392939
56.44858547913038 -58.77877444489725
56.565214787971556 -58.615376727114985
56.69850542664719 -60.25226346664124
56.848457395157276 -61.120755486796334
56.96508670399846 -62.566279286145345
57.24832931118418 -47.661079190052085
57.53157191836989 -58.62518268474383
57.73150787638335 -60.64500029029493
57.931443834396795 -57.00278764259116
58.09805713274133 -56.74352511535355
58.19802511174806 -56.04975577144508
58.647881017278316 -55.1763044585201
58.831155645457315 -61.62825469604725
58.96444628413295 -59.554979333832975
59.06441426313967 -61.404931654291815
59.181043571980844 -59.07045438836322
59.33099554049093 -57.997711212153234
59.56425415817329 -58.873536427849665
59.76419011618674 -58.425436540501806
59.9974487338691 -58.34570339143675
60.13073937254473 -61.6142980178104
60.28069134105482 -56.61913387706648
60.58059527807499 -57.999480868077036
60.76386990625399 -62.55651971670435
60.94714453443298 -59.5048881353751
61.14708049244643 -61.337028154689115
61.297032460956515 -57.32762252677916
61.397000439963236 -58.63158295920613
61.49696841896996 -59.36333746961714
61.64692038748005 -58.55311047644997
61.830195015659044 -54.90703788467955
61.94682432450022 -57.63005159812423
62.11343762284476 -62.646672586841454
62.296712251023756 -59.17386798448934
62.529970868706116 -59.916522684796675
62.629938847712836 -59.15068558292295
62.729906826719564 -59.62125307542767
62.87985879522965 -52.382661337189056
62.99648810407083 -58.84961244189419
63.12977874274646 -57.407046354426534
63.51298932893891 -59.1191034692166
63.74624794662126 -57.79115199399687
64.02949055380698 -46.65648553910006
64.41270113999943 -59.3926888340668
64.7126050770196 -61.599789513367284
64.87921837536413 -57.466152541749864
64.97918635437087 -61.51463819924389
65.19578364221877 -54.46812966492557
65.49568757923893 -57.623635291146385
65.67896220741794 -62.81688071356598
65.9788661444381 -55.47949011287471
66.16214077261711 -61.54402603552342
66.44538337980282 -62.30169055487131
66.562012688644 -61.86552299487927
66.86191662566418 -58.71906687885263
67.01186859417426 -59.87029097449149
67.14515923284989 -57.76998101835409
67.29511120135997 -57.19567852186829
67.41174051020116 -57.47368925799067
67.51170848920788 -58.12325525404843
67.71164444722133 -55.79574686132077
68.06153237374487 -57.95660255880796
68.29479099142722 -58.19192686458557
68.4114203002684 -60.42426979728005
68.61135625828184 -60.994612288478756
68.87793753563311 -56.89059782377454
69.16118014281884 -55.20167689365405
69.57771338868018 -52.750651207158455
69.77764934669364 -58.230088435219606
69.99424663454154 -58.677064304884176
70.12753727321717 -57.0646798894043
70.24416658205834 -55.4953325256675
70.42744121023735 -56.75569390987516
70.72734514725751 -53.115000195682526
71.04391041411215 -50.5509416812324
71.16053972295332 -54.68585702328676
71.41045967047013 -30.94051010385211
71.59373429864912 -48.917150217602114
71.87697690583485 -53.784302476324804
72.01026754451048 -47.07287476655263
72.39347813070292 -52.010438776265985
72.56009142904746 -50.37311275137011
72.76002738706092 -14.892180064573123
73.17656063292226 -56.97629153894886
73.42648058043908 -53.753575393004326
73.54310988928026 -57.094088959868834
73.65973919812143 -57.01805747408618
73.92632047547269 -51.608307705347364
74.22622441249287 -57.81694703193634
74.42616037050632 -52.89219872662011
74.64275765835423 -53.94022932563618
74.80937095669876 -58.104906960346156
74.99264558487776 -57.109541030318056
75.1925815428912 -53.541828361973494
75.44250149040802 -56.95237931207326
75.7424054274282 -54.42543852989515
76.09229335395173 -50.60309981106589
76.30889064179964 -54.77989688239542
76.45884261030972 -57.60818303266039
76.75874654732989 -56.13223983660681
76.92535984567444 -57.89233324526053
77.24192511252906 -45.88304047635624
77.39187708103914 -57.20035526608279
77.55849037938368 -55.88600583495585
77.69178101805932 -55.50980642549534
77.97502362524503 -60.69631719042813
78.12497559375512 -57.0617058811623
78.32491155176857 -57.57207009957571
78.49152485011311 -61.4916893775065
78.59149282911983 -62.145515019288425
78.70812213796101 -60.96625882725908
78.89139676614 -58.81419443676875
79.0413487346501 -56.43985802243684
79.24128469266354 -59.96652131661669
79.37457533133917 -57.41437294701961
79.52452729984927 -61.99954658490402
79.70780192802826 -56.19679319507188
79.84109256670389 -58.06481129660176
80.14099650372407 -54.492651275339185
80.29094847223415 -56.524001370495185
80.40757778107533 -59.82388043210265
80.5242070899165 -58.900675354762235
80.65749772859213 -45.27908856608132
80.84077235677114 -59.25660651106927
81.1073536341224 -59.57080924798811
81.47390289048039 -45.444517063317
81.67383884849384 -59.36553922630232
81.80712948716948 -61.65923339865454
82.02372677501738 -57.531152130257865
82.20700140319637 -55.59984121561675
82.64019597889218 -57.34048956022511
82.84013193690562 -56.844826672318504
82.94009991591234 -56.124226060269145
83.17335853359471 -58.10609319172268
83.28998784243588 -60.26449074091208
83.42327848111151 -48.98127279911348
83.55656911978714 -58.89748020448741
83.67319842862833 -55.37334422382533
83.77316640763505 -56.32000374158207
84.08973167448968 -58.04316134009858
84.22302231316532 -57.076113998263445
84.35631295184095 -56.80693041652041
84.53958758001994 -58.44783579537581
84.73952353803338 -60.5213516558706
84.87281417670901 -31.66191485587013
84.9894434855502 -57.25738322765848
85.17271811372919 -58.49139007466864
85.37265407174264 -55.90252101833965
85.55592869992164 -57.93172972107009
85.73920332810063 -57.14967155995634
85.97246194578298 -55.29126680627834
86.10575258445861 -56.98084384491118
86.37233386180989 -57.82802273670582
86.48896317065106 -57.572770368157535
86.67223779883005 -56.89346362142251
86.80552843750569 -53.964177382657226
86.93881907618132 -52.07586023714359
87.07210971485695 -56.29148440760976
87.37201365187713 -55.89497172546046
87.48864296071831 -59.90082763414057
87.60527226955949 -61.37471671731157
87.77188556790402 -56.133514039250585
87.93849886624857 -53.83502070822908
88.10511216459311 -63.05943529171638
88.33837078227546 -46.58802741768007
88.62161338946119 -57.89266448985471
88.9048559966469 -60.66095591319386
89.02148530548808 -58.73733505662771
89.1214532844948 -58.223282414301494
89.37137323201162 -56.875264613697965
89.50466387068725 -57.2243891106998
89.7045998287007 -56.234771526424765
89.98784243588642 -58.69360041207173
90.22110105356877 -58.588960900155385
90.42103701158223 -58.17234310686146
90.77092493810576 -57.96996320703421
90.9042155767814 -54.77300847935585
91.07082887512593 -63.28131890318655
91.42071680164946 -55.516100765858674
91.60399142982847 -30.29045076135813
91.83725004751082 -56.68557767750602
92.08716999502764 -52.319650129817774
92.25378329337217 -58.1307075622652
92.48704191105453 -54.12360005118737
92.77028451824025 -56.53553998050873
92.90357515691588 -58.97863654836789
93.05352712542597 -55.12622410315173
93.25346308343941 -56.68044469118907
93.40341505194951 -59.594690386402036
93.60335100996295 -57.108522115673054
93.81994829781085 -53.885999330931504
94.06986824532767 -57.0057869041127
94.25314287350666 -54.09574702630499
94.4530788315201 -54.7406411234699
94.71966010887137 -56.45480429359189
95.01956404589154 -47.47153993884545
95.18617734423609 -60.688012099067656
95.40277463208399 -37.27426266917652
95.6193719199319 -56.754328747311654
95.9026145271176 -56.759347678953624
96.33580910281341 -50.65569712115008
96.43577708182015 -57.26465526612014
96.60239038016468 -52.33921401029054
96.81898766801258 -49.73430984578413
97.0689076155294 -21.891331911463464
97.36881155254957 -55.52231522040762
97.71869947907311 -53.74690188591387
98.00194208625882 -58.54178913680797
98.23520070394117 -54.11229445004927
98.33516868294791 -55.41154527191714
98.43513666195463 -54.55593743253387
98.7017179393059 -48.43540105894122
98.83500857798153 -58.27161652058756
99.03494453599498 -60.808478805776396
99.15157384483615 -60.27084532887781
99.33484847301514 -59.81749667972501
99.56810709069751 -60.839799975071145
99.7513817188765 -56.01783813292333
100.06794698573113 -59.28733208521051
100.31786693324794 -58.363778886625795
100.60110954043365 -57.439900371774506
100.78438416861265 -60.268098634701005
101.03430411612946 -59.87560945958017
101.18425608463956 -58.70057592357173
101.40085337248746 -57.95508221528305
101.56746667083199 -58.71912136486074
101.70075730950762 -58.69695913820489
101.96733858685889 -56.642873745994706
102.13395188520343 -56.69245444919626
102.35054917305133 -58.596669304921775
102.45051715205805 -53.474008642389414
102.71709842940932 -59.28401632459633
103.0170023664295 -58.288670721162255
103.13363167527068 -61.11362913360182
103.4501969421253 -59.95447089202393
103.6001489106354 -61.628313516011985
103.71677821947657 -56.97282608028069
103.90005284765556 -57.788002268754695
104.01668215649674 -57.9664551285652
104.11665013550346 -59.61649490418978
104.36657008302028 -57.67258618241893
104.48319939186146 -42.47859344555228
104.6831353498749 -56.15953198670024
104.8997326377228 -59.4328105246689
105.03302327639844 -53.61850970884065
105.16631391507407 -56.182001550210316
105.43289519242533 -56.71033756837659
105.58284716093543 -55.149618495624
105.78278311894887 -49.72689469238467
105.99938040679677 -63.35947337220613
106.18265503497577 -59.98635801043652
106.3159456736514 -60.232650685618296
106.41591365265813 -63.57371114534647
106.54920429133377 -57.04042964995955
106.7158175896783 -60.13412791689352
106.83244689851948 -59.66632188191141
106.96573753719511 -61.619696769955006
107.09902817587074 -56.389781482925294
107.24898014438084 -55.08463945857056
107.39893211289092 -58.77060501621217
107.64885206040773 -61.17171102828219
107.86544934825564 -57.241547323465554
108.11536929577244 -60.38843663813105
108.23199860461362 -60.38543870441614
108.39861190295817 -58.61730288001092
108.49857988196489 -53.808378915108854
108.68185451014388 -58.27540458297848
108.91511312782625 -59.27416650789229
109.06506509633633 -60.03422940889179
109.18169440517751 -53.628652710953084
109.38163036319095 -50.8808484520458
109.78150227921785 -60.310613651809405
109.89813158805903 -59.78042728120791
110.09806754607247 -60.70883849715705
110.31466483392038 -55.98080718753864
110.41463281292711 -59.692862071877705
110.56458478143719 -53.831167805823
110.76452073945065 -58.285027522092804
110.86448871845737 -61.623903336215726
111.08108600630527 -58.933508641895536
111.19771531514644 -55.82107286430429
111.44763526266325 -58.700699211690505
111.8308458488557 -59.9036398558491
111.93081382786242 -59.91697144373391
112.06410446653805 -57.38106492042412
112.31402441405487 -61.53582955054058
112.64725101074394 -45.438592014565984
112.78054164941958 -58.74366921646592
112.96381627759858 -57.59780676960616
113.19707489528093 -59.81758562351825
113.31370420412212 -61.79133811821846
113.59694681130783 -59.293376720213075
113.83020542899018 -58.7867876654317
113.96349606766582 -56.97931555517699
114.24673867485154 -62.63583911171594
114.43001330303053 -59.85118222629988
114.62994926104399 -60.79251769671923
114.79656255938852 -61.044115972370705
114.96317585773306 -62.107130760218254
115.11312782624316 -62.914550059318934
115.29640245442215 -58.338449743447214
115.47967708260114 -62.21479467424204
115.87954899862804 -60.932857391323914
116.01283963730367 -64.70468162989444
116.17945293564821 -62.12207257512321
116.46269554283393 -63.57477197007753
116.62930884117847 -63.56261461913537
116.77926080968855 -60.39889177121039
116.96253543786756 -63.40587287831112
117.21245538538436 -54.23723683484057
117.64564996108017 -61.31405024303098
117.87890857876252 -58.857107783831594
118.02886054727261 -58.74058755209142
118.32876448429279 -61.92648490330731
118.42873246329951 -61.84291744704432
118.66199108098186 -58.478779804790335
118.7619590599886 -59.13505665055573
118.87858836882977 -63.692599248679464
118.99521767767095 -58.03025442909047
119.19515363568439 -58.57535442952837
119.49505757270457 -62.83658134280629
119.7783001798903 -58.334947328368266
119.94491347823484 -61.35757643909067
120.06154278707601 -58.854667110025346
120.31146273459282 -47.962550798138295
120.49473736277182 -60.54010106184421
120.67801199095081 -62.2863098722716
120.87794794896426 -61.84402182749267
121.0445612473088 -61.899175221290506
121.29448119482561 -49.51854778692858
121.56106247217687 -61.05162580165239
121.79432108985924 -61.684007176366464
122.04424103737604 -59.30137157197027
122.2774996550584 -60.750479483740875
122.39412896389958 -60.639333438412706
122.6773715710853 -52.99713149172544
122.81066220976093 -53.82183481231192
122.99393683793993 -62.24295584917277
123.11056614678111 -59.59108229960769
123.2938407749601 -62.60462544510179
123.42713141363573 -57.95587502912269
123.57708338214582 -61.98854546409805
123.77701934015927 -56.2510243613196
124.07692327717945 -61.89455806386278
124.21021391585508 -61.382346514157845
124.39348854403407 -61.942801087766604
124.61008583188197 -57.68963781339414
124.7433764705576 -59.08727470102355
124.9266510987366 -65.32730150046794
125.22655503575677 -63.590521967854315
125.47647498327358 -56.424445504531704
125.72639493079039 -57.63218109038686
125.85968556946602 -58.98112611536331
126.04296019764502 -60.680213679779776
126.30954147499628 -56.08489501254306
126.49281610317529 -58.112934648290235
126.592784082182 -61.09985025285819
126.90934934903663 -58.81548856532285
127.10928530705009 -56.13620400407636
127.32588259489798 -58.19252584599029
127.55914121258034 -60.75269200411899
127.72575451092489 -62.29159941912027
127.90902913910388 -59.89497354612552
128.02565844794506 -60.79810745280067
128.15894908662068 -54.53739040228258
128.30890105513078 -53.93873933147848
128.57548233248204 -59.42154326404018
128.6921116413232 -63.1810622180516
128.8087409501644 -60.24478903986622
128.97535424850895 -61.322635760040455
129.1752902065224 -60.38283442794029
129.39188749437028 -60.24018310944699
129.52517813304593 -58.19995054299021
129.8250820700661 -56.979431813011196
130.00835669824508 -55.00497693592219
130.45821260377534 -63.54497178006763
130.6914712214577 -60.887764742099726
130.82476186013335 -58.43638912445846
131.04135914798124 -62.69870988128019
131.22463377616023 -62.80205699783565
131.32460175516695 -56.440535369379276
131.59118303251822 -59.307920778844824
131.82444165020058 -63.434734942729776
131.97439361871068 -62.98297548864589
132.15766824688967 -61.13722351154252
132.30762021539974 -64.67599911976548
132.42424952424093 -65.49291824492019
132.59086282258548 -59.49110874305522
132.7241534612611 -56.18818315605581
132.8741054297712 -59.685069229207315
132.99073473861236 -63.52688831858332
133.24065468612918 -60.43897311905022
133.39060665463927 -60.30735248473864
133.54055862314934 -62.173043840683945
133.75715591099726 -61.51742893416372
133.97375319884515 -62.89933664417691
134.15702782702414 -61.97521398357168
134.4236091043754 -59.73915180638286
134.65686772205777 -38.980303418816725
134.79015836073341 -58.83025143189259
134.92344899940903 -59.70828957196625
135.07340096791913 -60.67386751938926
135.3066595856015 -61.868526146611046
135.45661155411156 -61.445540456437094
135.75651549113175 -61.39294795409272
135.88980612980737 -61.37520116745336
136.0564194281519 -60.126613274121006
136.206371396662 -59.66866130866873
136.50627533368217 -59.874359935734496
136.7228726215301 -57.418486337919674
136.87282459004015 -49.05999932307748
137.08942187788807 -50.996496576746694
137.27269650606706 -60.16295143314199
137.40598714474268 -61.03093811334201
137.53927778341833 -58.618862966938465
137.68922975192842 -57.286240900651855
137.97247235911414 -59.429473041786096
138.0891016679553 -53.255936613790624
138.35568294530657 -61.23494421247458
138.47231225414777 -63.83218415707606
138.58894156298894 -64.05001621840705
138.75555486133348 -57.478931014662535
138.8888455000091 -60.16615169724722
139.15542677736036 -59.05162357177482
139.35536273537383 -60.41101898160565
139.48865337404945 -64.11966910294241
139.72191199173182 -61.724318236357185
139.95517060941415 -64.63366472558587
140.0551385884209 -60.98121632835422
140.40502651494444 -59.912876251060595
140.6716077922957 -60.958806584983535
141.05481837848814 -59.53584952491934
141.20477034699823 -61.89987229923449
141.37138364534277 -64.9163622839834
141.5046742840184 -61.79148105836502
141.70461024203183 -58.037033839536456
141.92120752987975 -60.62243609305775
142.02117550888647 -63.52316969289056
142.13780481772764 -60.47056149962725
142.2710954564033 -57.89818308788752
142.37106343541 -62.82452101688621
142.48769274425118 -61.02201238082252
142.72095136193354 -59.12397485764606
143.0208552989537 -62.55789001482902
143.23745258680162 -62.80973940333749
143.42072721498062 -66.68009616939231
143.6373245028285 -61.24854091621589
143.92056711001425 -64.64047520595521
144.03719641885542 -62.672290618585876
144.13716439786214 -63.333185331356546
144.28711636637223 -61.21174182408609
144.4370683348823 -59.109062188232514
144.62034296306132 -61.228594328506304
144.82027892107476 -61.32005044537253
144.93690822991593 -65.02327138234908
145.13684418792937 -59.453516718594116
145.28679615643946 -59.255192717703906
145.4200867951151 -57.50372839262327
145.6033614232941 -19.579864292762604
145.819958711142 -59.88153064275099
145.93658801998316 -62.02782012033323
146.1032013183277 -61.9992694120772
146.2198306271689 -61.96411306270322
146.48641190452017 -60.59387915571756
146.6530252028647 -60.87650379543969
146.95292913988487 -62.92795245925745
147.06955844872604 -61.111431242265766
147.31947839624286 -60.59890874809063
147.4527690349185 -58.886512853789
147.65270499293194 -63.25577789285427
147.8193182912765 -65.31262126203279
148.03591557912438 -59.68302294971458
148.21919020730337 -60.0747821610407
148.55241680399246 -60.63714477623192
148.75235276200593 -63.40604367766845
148.91896606035044 -43.20447822768461
149.21886999737063 -58.44673543567851
149.43546728521852 -65.3414759606724
149.6187419133975 -61.78834418058571
149.83533920124543 -66.09546843358672
150.16856579793452 -58.85460873212083
150.3851630857824 -62.3864192604671
150.5351150542925 -64.00145510832914
151.0016322896572 -50.37415593836116
151.28487489684292 -61.88176533405497
151.40150420568412 -64.70077413039587
151.56811750402866 -64.72552890603586
151.68474681286983 -65.01445746541036
151.96798942005555 -61.40625849787975
152.2345706974068 -56.61065865440257
152.45116798525473 -43.80865910937079
152.6011199537648 -62.45608678224117
152.8177172416127 -64.88635676625204
153.11762117863287 -64.69814683077283
153.2175891576396 -60.535510114471016
153.50083176482534 -61.31384950232522
153.66744506316985 -61.58617091041532
153.90070368085222 -60.09173369921826
154.0173329896934 -58.99716740096601
154.40054357588585 -57.590677854581614
154.71710884274046 -64.39421010555978
154.95036746042283 -64.48111159200623
155.066996769264 -62.44934332175022
155.26693272727746 -60.993419638424236
155.48353001512535 -59.23444514105215
155.6501433134699 -58.73820338387133
155.91672459082116 -57.7987917789849
156.06667655933126 -63.84409718028876
156.18330586817243 -61.879910520639136
156.5165324648615 -55.80784763931119
156.63316177370268 -61.45773736510204
156.81643640188167 -62.47882093558302
156.93306571072287 -61.85485769098129
157.04969501956404 -58.93696857732137
157.21630831790858 -60.88697446012836
157.43290560575647 -64.00503622952526
157.54953491459767 -58.57755277512808
157.6495028936044 -59.81323502663304
157.76613220244556 -63.26316359766034
157.8994228411212 -64.16185590005307
158.0826974693002 -60.28087038367402
158.19932677814137 -63.55647082391052
158.33261741681702 -66.944037347583
158.43258539582374 -61.40471178099816
158.56587603449935 -63.2905528291971
158.66584401350607 -61.235957984984694
158.882441301354 -60.09935566490061
158.9824092803607 -61.399278258231064
159.1656839085397 -61.14800611589392
159.51557183506324 -62.418381453574376
159.61553981406996 -60.15760169108124
159.79881444224895 -58.01731094701431
160.18202502844142 -65.2490374863189
160.44860630579268 -59.28352113319161
160.5818969444683 -61.30681175037359
160.68186492347502 -61.362699431524646
160.96510753066073 -57.85996558611008
161.09839816933638 -52.96386420907752
161.36497944668764 -64.38149921547371
161.69820604337673 -61.221316771708345
161.83149668205235 -68.26934919754291
162.03143264006582 -61.7370878145431
162.19804593841036 -63.02410043126075
162.38132056658935 -64.3559011999223
162.69788583344396 -60.58997826550731
162.81451514228516 -63.054647729361875
163.03111243013305 -60.12472097362778
163.13108040913977 -61.48484687868205
163.2976937074843 -63.89682328105235
163.46430700582886 -65.77552388539866
163.6309203041734 -59.48299352350535
163.79753360251794 -61.803393544639114
163.98080823069694 -60.52070562696812
164.08077620970366 -59.72504518627226
164.34735748705492 -56.70609947443169
164.4639867958961 -60.69878189159568
164.64726142407508 -59.73884806291122
164.78055206275073 -64.76799287309217
164.96382669092972 -62.458743238745676
165.1804239787776 -63.71712203242773
165.36369860695663 -60.42644124189664
165.59695722463897 -62.65132525032935
165.86353850199023 -58.67004053873403
166.11345844950705 -59.92505550090012
166.23008775834822 -63.63643648587497
166.33005573735497 -62.28641410911695
166.49666903569948 -59.62968141915057
166.66328233404403 -65.00165611825676
166.79657297271967 -56.941665423181085
167.06315425007094 -60.690550346291076
167.19644488874656 -63.26403133306444
167.3297355274222 -59.28072357541798
167.57965547493902 -60.97491270717059
167.72960744344908 -61.49915390921688
167.99618872080035 -62.32465828045686
168.19612467881382 -63.95911079115396
168.47936728599953 -35.080045818002816
168.8959005318609 -61.610202184405324
169.06251383020543 -61.76528406539713
169.27911111805332 -61.047048523780525
169.37907909706004 -63.03021804871102
169.56235372523903 -65.20367157410996
169.69564436391468 -64.25596910687092
169.89558032192812 -55.15296191360183
170.14550026944494 -60.087160513486566
170.36209755729283 -61.58163140538739
170.51204952580292 -60.22889801422802
170.8785987821609 -62.05982513092298
171.19516404901555 -61.68034062612243
171.31179335785671 -63.721287452553526
171.54505197553908 -59.68709710754719
171.69500394404918 -54.52392300273108
171.91160123189707 -58.37746915307308
172.0115692109038 -60.69289572578739
172.32813447775843 -59.57981147968038
172.4780864462685 -64.29223525607219
172.6280384147786 -66.54786496952595
172.76132905345423 -63.44471639228808
172.86129703246095 -65.406485897762
173.0612329904744 -61.28947518093205
173.29449160815676 -64.51599452595188
173.42778224683238 -62.8544279757252
173.5277502258391 -62.33113956947047
173.87763815236264 -58.97607635421183
174.477446026403 -60.07883342436594
174.5774140054097 -62.1281102548258
174.74402730375425 -64.46295837463848
174.8773179424299 -64.30496664794515
175.02726991093996 -60.35431815267066
175.22720586895343 -61.736731540597816
175.44380315680132 -58.78186377998135
175.62707778498032 -64.89780299475107
175.76036842365596 -62.4536255257332
175.87699773249713 -62.51176827077968
176.12691768001395 -53.28496340790248
176.3934989573652 -64.85134070773947
176.52678959604086 -62.280789671051465
176.66008023471647 -61.89186199699123
176.81003220322657 -62.16731560196039
177.17658145958455 -65.18015531928549
177.30987209826017 -59.22676830418099
177.40984007726692 -62.34541169372184
177.50980805627364 -60.99084684417102
177.72640534412153 -48.31572994316767
177.92634130213497 -60.68540200024128
178.15959991981734 -63.98578740501681
178.40951986733415 -62.748913713712994
178.54281050600977 -59.20346085269061
178.64277848501652 -59.90220492045985
178.87603710269886 -63.29462064464083
179.02598907120895 -64.21512856023394
179.12595705021567 -63.83312258553577
179.24258635905684 -60.337513233260054
179.3758769977325 -58.88446072084864
179.67578093475265 -61.4245472177213
179.87571689276612 -61.99887993719153
180.0256688612762 -60.6441460947637
180.25892747895855 -64.16012390907918
180.49218609664092 -60.7719066649858
180.62547673531654 -55.34547848909214
180.84207402316446 -59.94472538226988
181.14197796018462 -62.933130513705045
181.30859125852916 -59.74668863108387
181.6251565253838 -61.40439331645925
181.79176982372832 -63.23368976063758
181.92506046240396 -60.05258270960646
182.2416257292586 -67.84164227593672
182.60817498561659 -64.0145156034335
182.7414656242922 -63.61609040066746
182.90807892263675 -62.43767736870164
183.02470823147792 -60.45910984978212
183.34127349833255 -48.86592586465805
183.5078867966771 -62.00698338169927
183.6911614248561 -62.3971427530214
183.907758712704 -64.23519053615547
184.05771068121408 -61.844845622395646
184.17433999005527 -63.6222371594669
184.35761461823427 -65.24496841392205
184.50756658674433 -64.34676488543468
184.62419589558553 -64.69016338395205
184.79080919393007 -64.79627147583052
184.90743850277124 -63.68465237749437
185.0740518011158 -66.37919293907363
185.29064908896368 -63.20078238946784
185.55723036631494 -58.57231393161009
185.8238116436662 -60.11735452043361
186.02374760167967 -58.97737231770596
186.29032887903094 -61.43905414679409
186.39029685803766 -63.612599289842564
186.5569101563822 -66.89718448405883
186.8734754232368 -62.44115843188243
187.22336334976035 -60.36944951931629
187.37331531827044 -66.02736023870207
187.539928616615 -67.9842292668334
187.65655792545616 -64.83209587682752
187.90647787297297 -62.84014627697879
188.1563978204898 -62.31248185007429
188.33967244866878 -63.4101712024917
188.52294707684777 -65.44490200075847
188.7395443646957 -59.849227596946726
188.85617367353686 -60.541472280305086
189.13941628072257 -54.28723881606395
189.43932021774273 -59.63128160603388
189.62259484592175 -64.0444529879614
189.72256282492847 -60.91970015576173
189.90583745310747 -62.98109774554451
190.08911208128646 -62.46900511931496
190.32237069896883 -57.583238523386186
190.55562931665116 -66.73469483367276
190.80554926416798 -56.1680206267858
191.07213054151924 -59.801493251834266
191.3387118188705 -41.795403179579544
191.62195442605622 -62.165688778214744
191.72192240506294 -63.409156671410756
192.08847166142095 -54.180512916465425
192.33839160893774 -60.79395545820085
192.4716822476134 -58.22060644878607
192.62163421612348 -62.1935389435555
192.73826352496465 -59.64554141077545
193.02150613215036 -62.68391199688751
193.13813544099156 -61.041594582120176
193.32141006917055 -59.43986866313311
193.42137804817727 -59.693684895704834
193.53800735701844 -64.59830716440798
193.6546366658596 -60.821109372147866
193.7712659747008 -63.8801979165845
194.12115390122435 -29.472576739791684
194.3877351785756 -63.0885755339207
194.62099379625795 -61.54844319142531
194.7876070946025 -61.34080555618561
194.9042364034437 -63.13261800421914
195.08751103162268 -61.56975263792585
195.20414034046385 -60.53444961753779
195.504044277484 -43.133333291154834
195.6206735863252 -60.53523019689854
195.78728688466975 -48.866783050033234
195.93723885317982 -59.48237224770513
196.18715880069664 -64.28390088219702
196.28712677970336 -64.6125712261467
196.55370805705462 -62.3583720059638
196.72032135539916 -60.31304127741713
196.8536119940748 -62.221598298371234
197.0035639625849 -59.342303072096094
197.13685460126052 -65.51883925861152
197.35345188910844 -58.86578092918655
197.57004917695633 -64.53307593187799
197.6866784857975 -63.85704569079614
197.8033077946387 -60.93855718275413
197.95325976314876 -61.21265078255274
198.16985705099668 -67.31312009859586
198.28648635983785 -65.62306984764436
198.4530996581824 -64.86865599967346
198.68635827586476 -60.668431518371655
198.95293955321603 -60.1791152089941
199.319488809574 -61.2749191163489
199.58607008692528 -44.43581890583601
199.78600604493872 -60.63182690888848
199.9692806731177 -64.1435271176975
