1.4989136135461154 -68.65389303755097
2.6766314527609203 -70.29386845067305
3.961414550086162 -69.39685563508577
5.353262905521841 -65.63865932589029
6.423915486626209 -68.29887187688043
7.173372293399266 -64.5391198054154
8.351090132614072 -66.96743332259236
9.74293848804975 -64.85955745749253
10.599460552933245 -68.36211000664892
11.777178392148048 -70.19094821368763
12.74076571514198 -69.1145075396397
14.025548812467221 -62.33942560670186
16.16685397467596 -68.92129887802267
16.916310781449017 -57.42000106711218
19.05761594365775 -55.747081113623906
20.23533378287256 -72.3564052253162
21.19892110586649 -54.962683731757
22.05544317074998 -71.15755995374732
23.340226268075224 -33.34863539576683
25.588596688394396 -29.731380629016087
27.729901850603135 -48.21343643401533
28.90761968981794 -66.60384228184371
29.87120701281187 -50.70255112010428
32.0125121750206 -51.3412649160664
32.761968981793665 -58.109116013384494
33.40436053045629 -62.14896885112512
34.9032741440024 -43.55589858453109
36.723383531879826 -58.50043998027385
37.47284033865288 -59.016638971283335
39.40001498464075 -57.95835937975079
40.1494717914138 -59.55322367371834
40.791863340076425 -60.108256761428656
41.755450663070356 -60.19863988020802
43.57556005094778 -52.637268443220464
44.53914737394171 -58.83866237033179
45.71686521315652 -45.794261833024194
47.858170375365255 -31.518115908798766
49.99947553757399 13.130784787954271
52.140780699782724 -31.256959713038285
52.99730276466622 -59.62042474830503
54.28208586199146 -44.27291978201058
55.67393421742714 -62.27756841472157
56.4233910242002 -55.18600521932414
57.27991308908369 -62.928212774316734
58.56469618640894 -62.13981762699219
59.31415299318199 -62.72902358648991
60.06360979995505 -65.55262069918962
60.81306660672811 -65.00772593844783
61.56252341350117 -62.38364013654564
62.954371768936845 -66.66458501321317
63.7038285757099 -62.8477371610867
65.09567693114558 -60.979936667355844
65.84513373791864 -59.13704941780125
67.12991683524388 -71.62623812048932
67.98643890012737 -53.529207434788255
70.1277440623361 -53.86582045400114
72.26904922454484 -33.13944534127201
74.51741964486402 -37.21394819205646
75.48100696785795 -70.7395685284243
76.65872480707276 -51.68183198554229
78.8000299692815 -55.15490493033116
80.94133513149023 -54.60957641229798
81.69079193826329 -70.63820297108708
83.08264029369896 -61.850389082339674
83.83209710047203 -63.29787184735258
85.97340226268076 -61.33396444444834
88.11470742488949 -62.05943341097818
89.50655578032517 -69.32444321929522
90.25601258709823 -58.16518145642475
92.5043830074174 -57.305592224471155
94.64568816962614 -60.475029719793056
95.3951449763992 -73.44203731378047
96.78699333183488 -58.181846009553524
98.92829849404362 -48.110821345554314
99.99895107514799 -49.54584900363032
101.06960365625235 -54.42190299252638
102.24732149546715 -71.12230630216415
103.21090881846108 -62.52999924976131
105.35221398066982 -57.70427610362774
107.60058440098899 -61.44775795146291
109.74188956319773 -67.1569158117717
110.49134636997078 -63.73182732410811
111.34786843485428 -73.61412274576467
112.63265153217952 -65.00049396803391
114.0244998876152 -65.72101106676284
114.77395669438826 -62.10142336915428
116.16580504982394 -68.62254845502376
116.915261856597 -61.69799429509065
118.30711021203267 -75.83615117232857
119.05656701880574 -60.64345100199246
120.34135011613097 -76.75336655539977
121.19787218101447 -55.24434297654298
123.3391773432232 -32.67662941470094
125.58754776354237 -57.4899331709082
127.72885292575111 -59.58090872829768
128.69244024874504 -74.94984360888546
129.87015808795985 -60.61147128552491
132.0114632501686 -56.49018263965999
132.76092005694164 -66.41763221534183
134.90222521915038 -46.02817255482604
136.29407357458606 -68.85427170210042
137.04353038135912 -70.92494693914087
138.4353787367948 -61.91886133953122
139.29190080167828 -70.48330857269883
141.11201018955572 -66.54139738054275
142.07559751254965 -77.14163817792523
143.57451112609576 -59.23459545779881
144.43103319097926 -73.85283931538866
145.7158162883045 -50.244543931649915
147.85712145051323 -69.48303571955003
149.99842661272197 -46.205204807646226
152.1397317749307 -62.498938333833934
153.31744961414552 -76.2689051021967
154.28103693713945 -61.967657428708875
156.5294073574586 -68.0329406870871
157.27886416423166 -71.59245808743302
157.9212557128943 -75.61635553208684
158.67071251966735 -72.06992137708161
159.31310406832998 -65.20821098166485
160.49082190754478 -78.91364406823575
161.56147448864914 -67.97285620954911
162.95332284408482 -70.91715365743072
165.09462800629356 -50.830068155391
167.2359331685023 -63.972807474695216
167.98538997527535 -61.409332619698695
168.84191204015886 -76.69609987506794
170.1266951374841 -59.11474382013128
170.9832172023676 -73.3187800202368
171.6256087510302 -75.84020599061552
172.37506555780325 -74.65951261458973
173.1245223645763 -76.32823049113848
174.516370720012 -56.55588181112287
176.65767588222073 -62.37901179403345
177.51419794710424 -75.88975011301244
178.79898104442947 -68.18714905943241
180.9402862066382 -61.031909904856256
182.22506930396344 -78.07999676724012
183.08159136884694 -60.32263228112445
183.83104817562 -70.75936035157405
185.22289653105568 -66.80322715987674
185.97235333782874 -64.4594154270086
187.36420169326442 -73.24432590689776
188.2207237581479 -74.0670857342204
189.50550685547316 -62.93300882071876
190.2549636622462 -69.03735076549559
191.75387727579232 -68.94502206895204
193.89518243800106 -74.12540737989221
194.6446392447741 -68.18988794657398
195.50116130965762 -74.8706084235047
196.78594440698285 -65.2635087997273
198.9272495691916 -64.22739117189123
