0.42826103244174724 -76.7978182579279
2.0342399040982992 -72.54524055367055
2.783696710871357 -76.97401078742594
3.6402187757548514 -74.96026574370829
4.603806098748783 -76.08542854561787
5.674458679853151 -74.29435204233842
7.06630703528883 -75.33425696296771
7.70869858395145 -72.17842343504186
8.886416423166255 -75.81680347986182
9.528807971828876 -75.58878309295396
11.348917359706302 -78.10549762387497
12.41956994081067 -81.26403494877655
13.276092005694164 -78.21320208402972
13.918483554356785 -71.59281807702916
15.09620139357159 -74.6611618254098
15.845658200344648 -71.7160460572428
17.13044129766989 -76.24171988404635
17.986963362553382 -64.40471579875982
18.843485427436878 -73.25879619968599
19.914138008541247 -73.72193507416287
21.84131265452911 -54.6137412557248
22.911965235633478 -74.56763782652362
24.08968307484828 -75.92322842616905
26.016857720836146 -44.93316493191423
28.15816288304488 -74.72674974213973
29.12175020603881 -72.28044784060663
29.978272270922307 -62.35637957481412
31.798381658799734 -73.98834226942229
32.8690342399041 -68.88687363435174
34.0467520791189 -62.74141396895306
35.43860043455459 -66.39859578115716
36.830448789990264 -67.13530586696632
37.90110137109463 -68.3554045639538
39.18588446841987 -70.15453021060915
40.25653704952424 -74.75184035719944
41.96958117929123 -64.56494296543366
42.93316850228516 -72.8632021921234
43.789690567168655 -73.79055730479477
44.96740840638346 -71.08398874590873
45.93099572937739 -49.53143287057201
46.894583052371324 -69.79310003498486
47.64403985914438 -74.53246846822483
48.39349666591744 -72.18654717731877
49.99947553757399 15.352193687520462
53.960890087660154 -48.60612246256874
55.35273844309583 -69.81968562848074
57.06578257286282 -72.4445964197081
58.02936989585675 -61.797262175297135
59.42121825129243 -69.81645243953639
60.920131864838545 -72.73102165813417
61.990784445942914 -70.57626366806572
62.84730651082641 -71.4861502687165
64.45328538248296 -70.17643327006964
65.30980744736645 -73.65587889478323
66.27339477036038 -71.00515856615756
67.45111260957519 -74.0009603382517
68.52176519067956 -77.30047144386144
70.02067880422567 -59.033968564184924
71.09133138533004 -74.49501435946306
72.05491870832397 -75.6949668245423
73.0185060313179 -74.28400405255688
73.98209335431183 -39.566167256642935
76.33752903274144 -72.7920149358593
78.05057316250843 -56.981983887886585
79.01416048550236 -71.84132872417916
80.94133513149023 -73.343771571073
82.01198771259459 -60.33799778499418
83.29677080991983 -76.66026007912721
84.26035813291377 -75.44935887715887
85.2239454559077 -74.71350767842844
85.97340226268076 -65.7608466752295
87.15112010189556 -79.50064041484472
88.11470742488949 -72.31813276170772
90.04188207087735 -72.46238911455562
91.0054693938713 -72.48842639317046
92.18318723308609 -74.04174520360664
92.93264403985916 -70.91315355010347
93.78916610474265 -70.20498777665702
96.46579755750356 -69.62842952269638
97.96471117104969 -51.97455801438903
98.92829849404362 -66.91055124505189
99.99895107514799 -51.572540450654856
102.03319097924629 -59.352013818041584
103.31797407657152 -71.6005667945836
105.03101820633852 -74.35993181478777
105.99460552933245 -65.971058010019
108.13591069154117 -72.77565937656685
108.88536749831424 -76.42042873627625
109.95602007941861 -74.31608085785095
110.91960740241254 -75.78082863391919
112.73971679028996 -72.1191853285345
113.81036937139433 -76.4425657583916
115.09515246871958 -77.36997898935851
116.37993556604481 -75.30256404624187
117.66471866337005 -73.87863945945296
119.16363227691618 -72.9818362037487
120.55548063235184 -71.05433549767172
121.94732898778753 -48.50403356374532
123.66037311755451 -71.49634925290002
124.83809095676932 -73.549967738505
126.01580879598413 -65.56142565462528
127.0864613770885 -75.04793174459294
128.0500487000824 -77.14229454234166
129.7630928298494 -72.6301850557393
131.90439799205814 -72.90148988896307
133.1891810893834 -72.3975627565065
134.3668989285982 -73.70646578172422
135.22342099348168 -71.87895601156538
136.0799430583652 -68.32584750867018
137.15059563946954 -76.61899561728033
138.00711770435305 -73.9476904240351
139.82722709223046 -71.89033305083632
140.57668389900354 -60.91209417651501
141.9685322544392 -74.28088489815045
143.146250093654 -79.37504846324059
143.78864164231663 -78.41375118496687
144.5380984490897 -72.5802418484591
146.0370120626358 -59.60083500555152
147.00059938562973 -74.43735842724587
147.96418670862366 -68.68169305793687
149.99842661272197 -29.055027948342733
151.8185360005994 -67.66965556892747
153.31744961414552 -72.48639155330191
154.28103693713945 -72.1887107101001
155.67288529257513 -72.76661929315625
156.85060313178994 -77.56372009302284
157.81419045478387 -74.88023228301519
158.88484303588822 -75.64335307013843
160.38375664943433 -76.46169484133405
161.34734397242826 -77.97010323624522
162.09680077920132 -72.98253431473317
163.59571439274745 -74.63731086761182
164.88049749007268 -75.15984070605602
165.62995429684574 -72.99719010921876
166.48647636172925 -72.84881887128164
167.77125945905448 -76.4613462714763
169.91256462126321 -66.13777845763971
171.3044129766989 -76.74144355904414
172.37506555780325 -78.49665637151078
173.23158762268676 -77.4177474044839
173.9810444294598 -70.39700507226416
175.47995804300592 -74.22031301095855
178.0495242376564 -49.41737866195532
180.19082939986515 -77.31111512239296
182.0109387877426 -73.13230897975319
183.29572188506782 -76.43073546390407
184.6875702405035 -78.03033529165745
186.1864838540496 -76.6627463599026
186.82887540271224 -77.38061411256572
187.8995279838166 -73.51401879409823
189.50550685547316 -76.24332236388626
190.89735521090884 -77.4076166281911
191.9680077920132 -73.06435610217518
193.89518243800106 -70.78161394667273
195.92942234209937 -76.72221325534994
197.96366224619766 -66.36776764268814
